150
0 650 847 926 872 652 663 961 876 780 914 1079 312 741 640 553 975 955 150 646 50 663 452 1101 325 815 411 874 1106 561 380 453 543 398 413 617 828 613 602 462 866 661 1145 628 54 897 770 217 445 1066 267 365 826 755 1121 627 610 275 998 717 124 701 630 736 473 943 947 734 230 875 1109 101 956 424 474 341 744 750 728 840 749 616 1071 683 583 843 659 873 748 779 253 324 817 503 773 363 785 750 383 911 476 980 569 346 451 458 735 683 932 842 513 423 903 243 398 144 581 443 542 319 882 790 826 60 565 635 306 284 1111 319 92 632 764 805 793 135 311 1059 865 789 314 946 589 1015 1103 229 1039 1024 274 355 
650 0 434 480 989 433 89 341 296 911 368 541 593 411 10 137 711 363 501 231 608 46 552 688 710 185 270 733 732 434 279 228 633 327 237 43 423 766 380 196 881 163 692 301 634 810 270 465 729 624 383 330 887 381 643 530 260 420 700 177 544 556 44 346 313 471 465 459 435 240 677 605 567 732 238 309 562 452 87 244 339 68 734 524 224 568 852 247 116 261 440 731 292 465 226 376 426 714 273 691 498 745 221 369 474 458 159 878 420 362 737 260 268 540 255 571 726 681 266 632 937 311 731 700 490 128 349 442 581 347 617 729 253 908 351 557 562 681 262 863 477 427 124 417 625 589 565 722 561 295 
847 434 0 80 718 223 346 335 236 669 181 264 618 115 440 548 292 269 731 665 796 477 485 270 720 529 466 371 302 314 514 596 491 453 530 415 18 592 252 548 574 596 301 222 858 461 167 749 663 222 628 493 607 91 274 323 251 572 271 599 722 283 401 115 375 106 117 156 710 354 270 853 134 680 402 581 252 133 383 268 108 498 300 267 652 177 669 565 494 180 593 744 693 384 632 731 72 431 519 295 428 332 646 711 434 419 570 687 139 92 627 456 360 630 567 714 566 612 685 647 641 126 401 874 346 320 635 764 283 549 773 534 184 649 83 815 596 250 277 598 547 154 550 304 256 670 193 291 620 574 
926 480 80 0 765 301 394 317 236 722 163 192 698 194 487 602 293 244 807 710 875 520 563 208 799 550 540 404 254 394 587 659 563 531 599 466 98 659 332 611 615 639 226 299 936 493 210 823 738 150 703 569 655 171 195 395 324 651 260 635 801 349 451 191 453 37 52 229 784 359 201 930 101 756 475 653 312 206 418 280 180 546 267 336 703 215 733 580 525 218 672 822 720 463 662 798 149 485 591 315 506 338 698 779 513 498 603 749 101 117 699 529 358 710 635 794 634 688 739 726 684 171 443 954 423 376 707 835 206 625 853 600 227 700 142 891 676 204 282 649 627 110 601 266 177 750 113 274 700 645 
872 989 718 765 0 570 917 1048 939 92 899 947 573 642 987 1023 530 985 873 1173 837 1034 487 765 551 1156 795 370 712 555 833 995 382 728 893 949 710 266 611 956 155 1129 843 697 919 291 824 954 427 794 860 758 110 687 870 461 734 742 579 1161 800 454 945 709 696 802 817 583 927 1040 797 951 695 449 781 881 470 602 993 954 728 1022 650 482 1127 549 214 1209 1096 844 745 558 1281 537 1215 1046 662 291 844 471 517 492 1114 1018 549 560 1149 192 855 800 359 796 1054 663 920 748 305 432 1127 556 90 799 322 849 500 867 912 1017 947 800 782 274 837 81 757 949 588 703 971 126 643 869 1049 1022 863 653 831 591 622 886 
652 433 223 301 570 0 353 499 388 502 370 487 399 109 433 499 341 449 555 643 602 479 261 450 497 588 327 308 453 94 378 508 275 287 418 396 207 391 65 460 450 587 501 131 672 380 262 594 440 423 471 330 463 146 487 116 173 388 353 609 530 123 389 153 213 330 340 82 556 475 462 675 307 457 279 446 134 100 425 392 174 477 421 91 610 195 474 640 532 282 407 520 724 163 658 616 152 284 387 293 205 359 599 591 215 202 591 495 351 269 410 321 492 421 454 513 358 389 626 425 509 246 299 672 122 305 496 627 507 390 571 338 273 491 215 644 378 406 412 443 341 367 516 498 471 457 411 380 406 443 
663 89 346 394 917 353 0 300 232 842 295 471 563 323 94 209 622 306 518 319 617 134 501 603 680 239 258 648 645 366 282 282 572 301 258 73 334 705 305 240 803 252 611 221 653 727 183 498 685 541 399 315 813 292 564 456 183 411 611 262 548 476 57 258 266 388 383 373 464 212 593 631 479 691 208 329 479 365 82 185 250 152 646 444 308 480 791 296 179 177 432 703 373 405 307 431 337 636 280 603 443 657 303 418 423 406 240 816 341 277 686 246 240 522 286 567 665 635 345 601 861 224 649 709 422 50 377 486 510 346 618 664 167 837 263 584 532 594 208 790 450 350 206 364 546 571 484 633 536 317 
961 341 335 317 1048 499 300 0 111 991 156 253 825 407 351 476 610 73 818 522 915 357 729 478 941 298 552 707 543 561 581 569 770 582 558 358 340 890 487 533 907 451 448 405 953 797 239 797 918 406 699 604 937 363 388 615 394 700 577 422 844 598 343 346 526 285 271 465 763 103 453 931 417 930 493 629 577 445 253 124 326 402 572 574 542 513 974 303 310 221 722 964 467 622 425 717 385 757 580 627 667 655 544 709 658 640 385 995 216 248 901 540 79 801 584 858 857 867 592 861 974 253 735 1005 611 326 677 780 293 642 912 838 233 975 291 884 796 501 99 924 722 209 456 92 374 849 335 589 808 617 
876 296 236 236 939 388 232 111 0 881 81 245 721 297 306 433 522 78 737 509 828 325 620 425 836 320 465 606 483 451 500 514 659 487 486 301 237 779 377 473 801 436 412 297 873 695 129 726 809 355 620 514 829 253 357 504 289 609 494 420 756 488 285 235 426 211 200 356 690 123 406 854 337 822 402 555 469 337 215 53 214 364 502 463 516 413 862 344 306 112 631 859 492 513 439 663 278 648 500 531 558 565 515 650 550 532 385 883 145 145 790 453 124 702 516 765 746 757 561 756 867 142 630 917 500 244 605 718 285 557 821 726 125 866 182 809 693 436 47 815 622 146 420 138 340 749 288 510 707 543 
780 911 669 722 92 502 842 991 881 0 847 910 480 583 909 939 515 932 780 1089 745 956 397 747 460 1082 708 348 700 477 744 907 293 640 805 870 659 173 538 869 157 1047 824 625 826 284 761 861 336 769 769 669 93 628 845 388 660 650 563 1081 707 392 867 647 612 760 774 525 834 976 777 858 661 358 697 791 416 546 920 892 667 941 639 418 1042 508 125 1137 1021 781 653 469 1202 453 1136 955 608 238 755 448 430 482 1028 927 462 473 1070 108 807 745 267 710 992 570 832 656 213 339 1040 463 123 739 291 758 421 792 821 924 913 709 690 186 773 38 699 856 495 684 910 77 551 822 966 973 836 561 799 578 529 797 
914 368 181 163 899 370 295 156 81 847 0 176 733 268 377 502 455 87 780 587 864 401 619 344 844 401 505 552 403 446 545 577 646 517 539 367 188 758 373 533 756 514 332 304 914 642 144 777 806 274 665 549 788 225 278 483 308 641 423 500 791 456 351 219 449 133 121 323 740 201 325 900 263 821 440 604 430 301 291 133 198 436 425 434 591 358 839 423 387 135 663 868 573 512 520 725 239 610 546 470 558 499 589 710 555 537 466 858 65 102 780 494 197 725 571 795 728 754 634 766 823 132 583 950 490 297 656 775 214 597 852 702 150 828 155 856 707 357 127 778 642 65 492 128 260 770 207 437 724 593 
1079 541 264 192 947 487 471 253 245 910 176 0 876 378 550 677 441 192 950 752 1029 571 748 249 981 546 675 579 320 575 717 754 754 681 715 543 280 851 508 710 794 680 201 456 1083 666 313 951 927 183 837 715 838 345 140 586 469 804 397 660 955 541 526 353 608 158 147 419 914 341 218 1071 253 944 610 778 504 396 460 298 336 609 365 528 762 401 925 556 545 308 826 1005 718 645 671 901 336 673 719 482 689 487 761 887 692 676 624 940 147 238 890 664 325 878 747 955 826 876 807 906 863 289 625 1113 609 473 831 951 41 766 1013 792 322 886 290 1028 852 291 284 835 795 133 665 163 130 921 121 400 873 768 
312 593 618 698 573 399 563 825 721 480 733 876 0 504 586 559 686 796 300 698 271 626 151 843 117 779 326 569 836 305 338 492 231 266 400 551 601 308 368 469 555 679 899 429 353 585 596 386 166 822 312 268 518 531 886 339 432 202 715 727 226 412 556 523 301 723 732 478 363 763 858 380 704 157 357 358 458 499 644 702 542 592 793 402 640 569 367 840 709 610 194 140 847 235 787 498 549 439 347 618 195 685 625 470 184 200 730 394 732 642 217 335 788 91 414 177 273 142 622 38 574 601 517 307 286 518 370 453 900 279 220 320 596 501 588 375 31 794 726 481 116 748 593 853 870 83 809 741 50 368 
741 411 115 194 642 109 323 407 297 583 268 378 504 0 414 504 305 351 632 636 690 457 370 361 605 541 379 329 376 199 429 534 381 355 456 382 98 490 140 485 508 573 404 136 755 413 184 659 549 325 536 397 532 44 384 215 175 469 303 586 617 190 370 70 276 221 231 59 620 399 368 753 216 566 319 498 173 43 382 312 87 466 356 167 613 158 570 587 494 203 489 628 693 269 628 658 45 351 436 280 312 336 604 636 319 304 562 590 243 165 516 370 412 518 492 605 460 498 638 531 573 156 341 765 231 284 550 682 398 455 664 434 198 568 116 719 482 326 329 518 436 259 513 396 368 557 305 328 507 492 
640 10 440 487 987 433 94 351 306 909 377 550 586 414 0 127 715 373 491 225 598 46 547 695 703 192 262 734 739 432 270 217 629 320 226 39 428 763 379 186 881 159 700 302 623 811 276 454 723 632 373 322 886 384 651 528 260 412 704 176 534 556 44 350 308 478 473 461 424 251 684 595 573 726 232 299 563 455 98 254 343 59 740 524 216 571 848 254 123 268 431 724 293 461 227 366 430 713 264 694 494 749 213 358 470 453 161 874 428 369 733 252 279 532 244 562 722 676 257 625 937 317 732 691 487 130 339 431 590 338 608 726 260 906 357 546 555 687 272 861 470 436 115 428 633 581 573 727 553 285 
553 137 548 602 1023 499 209 476 433 939 502 677 559 504 127 0 809 500 403 150 517 123 554 811 670 263 239 808 850 475 221 103 649 307 160 136 535 781 438 94 932 119 821 376 528 878 392 351 712 750 294 292 929 482 774 578 333 364 804 171 461 618 152 448 327 597 593 543 326 374 802 495 682 711 242 221 634 541 224 381 445 74 846 587 110 661 864 320 200 386 380 688 287 486 230 244 528 765 212 780 511 839 100 240 481 467 183 891 551 486 734 234 401 490 159 498 739 669 137 598 982 431 796 608 526 228 247 316 716 285 536 753 376 942 466 445 529 798 400 900 444 560 36 555 756 536 694 828 518 208 
975 711 292 293 530 341 622 610 522 515 455 441 686 305 715 809 0 538 892 940 926 757 534 235 755 820 667 167 185 420 718 837 479 629 753 685 297 518 405 788 375 875 312 438 1000 239 455 935 657 270 812 672 429 330 343 349 480 724 49 883 858 275 673 365 554 327 342 273 897 644 267 1008 196 680 614 786 231 270 670 559 372 770 125 291 919 150 569 857 783 470 741 776 983 472 920 954 285 306 726 73 499 46 910 930 524 517 856 576 394 382 596 660 647 734 790 831 512 617 944 700 441 415 229 986 410 587 837 968 431 731 888 460 472 483 369 981 675 172 566 437 661 403 818 555 338 760 319 64 709 783 
955 363 269 244 985 449 306 73 78 932 87 192 796 351 373 500 538 0 815 564 906 387 690 406 909 354 543 639 470 519 578 586 723 565 563 373 275 839 445 546 843 492 380 368 951 729 200 802 879 334 698 592 874 307 321 563 364 687 504 469 834 540 356 295 503 211 197 407 767 149 382 932 344 892 481 632 516 386 278 120 274 429 499 518 577 445 921 366 355 185 709 933 526 583 479 735 324 696 578 556 628 582 578 724 622 604 432 941 143 186 856 531 135 779 592 843 808 827 625 830 910 203 670 995 565 322 682 793 232 635 899 784 199 914 235 886 768 428 100 864 699 136 485 59 306 826 264 516 783 620 
150 501 731 807 873 555 518 818 737 780 780 950 300 632 491 403 892 815 0 503 115 512 406 993 363 665 274 812 1006 472 237 304 509 277 264 469 712 606 498 312 840 512 1032 508 135 848 637 92 462 952 119 238 810 640 1002 554 485 167 909 568 84 625 482 616 356 821 824 634 87 729 999 122 848 447 340 192 664 647 580 699 628 465 977 603 439 751 668 723 598 645 151 372 672 425 625 233 674 704 238 834 410 903 424 211 379 381 586 694 803 715 518 286 757 209 248 140 569 443 402 324 867 661 771 205 488 494 156 166 983 184 149 610 630 798 670 89 284 957 723 774 245 817 439 875 984 227 919 935 250 205 
646 231 665 710 1173 643 319 522 509 1089 587 752 698 636 225 150 940 564 503 0 618 189 702 917 805 241 386 950 963 624 362 209 798 455 298 254 654 930 583 229 1080 72 917 516 613 1023 501 431 856 851 409 436 1078 609 865 726 472 499 930 106 572 764 266 575 477 698 692 680 417 420 904 572 798 853 392 345 776 676 296 455 569 170 965 732 63 794 1013 279 211 491 511 822 172 636 141 292 655 913 352 916 660 972 78 303 630 617 142 1040 643 592 881 382 442 623 285 616 888 814 109 736 1131 542 942 705 676 353 354 375 793 420 647 903 484 1092 582 523 669 912 468 1050 585 649 127 610 847 667 790 952 655 333 
50 608 796 875 837 602 617 915 828 745 864 1029 271 690 598 517 926 906 115 618 0 623 406 1050 297 777 363 827 1055 511 335 418 500 348 372 574 778 576 551 424 826 627 1094 577 82 852 720 196 412 1015 225 315 788 704 1070 578 560 225 948 683 74 652 586 685 422 892 897 683 201 830 1058 115 905 393 425 300 694 699 684 793 699 577 1021 634 554 793 626 836 709 730 203 299 787 453 740 342 734 705 338 863 428 931 539 322 402 409 700 651 882 792 478 375 858 196 359 96 543 406 516 282 844 740 780 92 515 588 270 267 1060 272 56 591 715 768 743 131 266 1008 818 751 264 896 553 966 1053 187 988 975 230 314 
663 46 477 520 1034 479 134 357 325 956 401 571 626 457 46 123 757 387 512 189 623 0 592 727 741 156 300 780 774 479 301 224 675 360 252 85 467 809 426 201 927 119 728 348 642 857 312 469 766 662 397 359 933 426 678 575 306 445 744 130 561 602 90 392 353 509 503 505 441 254 715 611 609 768 274 322 609 499 110 272 384 49 777 571 190 614 894 217 87 302 464 762 246 507 180 367 472 760 294 737 540 791 190 363 514 498 114 920 456 403 777 290 280 568 264 592 768 719 237 665 983 353 778 715 534 175 358 438 611 369 636 773 295 953 394 562 594 723 288 908 509 462 99 439 660 616 601 766 591 308 
452 552 485 563 487 261 501 729 620 397 619 748 151 370 547 554 534 690 406 702 406 592 0 696 236 735 316 422 686 173 348 512 107 247 411 509 468 229 246 477 436 668 755 323 487 446 491 477 189 679 375 273 411 403 746 188 339 257 564 709 348 261 510 401 239 591 601 337 446 680 713 506 560 202 319 394 307 359 584 609 422 568 642 252 651 420 310 794 668 508 263 259 831 107 767 559 414 300 359 466 62 533 637 531 77 95 704 337 608 522 185 320 703 210 436 309 187 138 645 169 468 488 373 455 141 451 424 535 769 312 361 214 495 408 467 491 143 645 632 376 161 625 584 744 731 228 672 590 178 399 
1101 688 270 208 765 450 603 478 425 747 344 249 843 361 695 811 235 406 993 917 1050 727 696 0 930 745 734 399 72 544 784 865 667 716 801 675 287 732 499 817 610 845 77 489 1116 474 419 1017 848 71 895 757 664 356 119 510 521 830 186 839 977 444 660 384 637 219 227 368 978 545 34 1115 145 870 671 851 397 350 623 475 378 754 125 445 911 279 792 767 727 426 851 953 917 610 862 1002 318 527 789 299 648 275 906 982 663 651 806 801 280 325 796 725 537 871 837 962 718 803 948 865 676 380 457 1122 557 584 905 1034 225 815 1021 671 435 717 347 1080 826 63 472 670 791 279 809 400 122 906 142 177 855 844 
325 710 720 799 551 497 680 941 836 460 844 981 117 605 703 670 755 909 363 805 297 741 236 930 0 895 441 621 916 406 448 596 277 383 509 668 703 303 474 578 564 790 990 541 375 621 709 455 125 915 405 382 517 635 982 420 547 306 789 839 280 489 673 630 418 826 835 573 440 880 948 413 795 102 475 460 536 595 761 817 650 706 869 485 745 652 337 957 825 724 294 23 958 336 899 583 649 479 457 683 292 747 729 557 290 307 844 360 839 750 198 450 905 182 519 224 280 143 722 80 570 712 563 298 377 636 464 528 1003 385 240 336 710 488 696 422 148 877 842 480 232 855 705 966 967 142 908 814 151 471 
815 185 529 550 1156 588 239 298 320 1082 401 546 779 541 192 263 820 354 665 241 777 156 735 745 895 0 455 870 802 606 458 366 811 513 408 228 523 944 544 352 1038 181 730 458 792 954 366 614 914 675 551 514 1050 502 673 694 422 602 799 135 717 709 225 471 496 529 519 596 589 205 726 758 648 918 423 477 707 584 162 270 457 200 817 679 280 689 1030 61 70 349 621 916 173 643 126 498 544 872 451 813 679 859 288 499 657 640 99 1055 465 441 920 445 221 724 417 748 904 866 335 818 1098 404 879 868 662 290 509 575 587 526 792 903 349 1076 452 708 748 753 273 1029 663 466 229 390 657 773 607 818 746 463 
411 270 466 540 795 327 258 552 465 708 505 675 326 379 262 239 667 543 274 386 363 300 316 734 441 455 0 625 755 270 51 200 415 68 99 229 448 545 263 161 717 357 766 245 409 683 362 282 473 688 163 59 706 378 733 373 215 152 675 402 292 429 238 351 116 550 552 395 244 470 736 395 591 473 65 119 457 403 332 430 360 265 734 400 335 518 626 516 385 370 173 461 523 261 462 288 417 555 59 621 278 687 320 263 246 234 403 653 529 442 494 12 498 270 131 308 503 430 332 365 761 387 601 453 312 225 171 303 709 91 360 521 355 714 399 353 295 704 454 675 209 543 271 603 715 318 650 701 291 115 
874 733 371 404 370 308 648 707 606 348 552 579 569 329 734 808 167 639 812 950 827 780 422 399 621 870 625 0 352 356 674 814 345 574 720 699 368 360 371 767 215 891 476 434 906 89 509 868 512 424 750 615 265 369 500 259 477 647 215 910 765 196 690 399 509 442 457 275 832 719 430 921 326 537 584 739 173 285 711 632 414 782 292 225 918 194 404 916 822 528 661 640 1020 388 955 912 332 148 684 101 402 139 907 886 432 431 888 410 501 461 446 621 728 631 755 731 359 479 934 577 284 476 64 876 325 604 785 912 577 671 783 304 525 318 429 900 564 336 644 271 569 513 823 669 493 649 462 231 600 738 
1106 732 302 254 712 453 645 543 483 700 403 320 836 376 739 850 185 470 1006 963 1055 774 686 72 916 802 755 352 0 544 805 898 646 731 828 716 317 699 507 849 557 893 142 510 1125 421 462 1035 827 139 912 772 613 380 191 497 545 840 138 889 984 427 701 411 652 272 282 372 997 604 106 1126 168 849 694 873 380 358 672 531 408 797 62 433 953 266 753 827 779 472 859 938 973 607 916 1030 338 489 811 255 642 220 948 1009 660 650 857 761 338 371 770 746 599 871 864 965 689 784 987 855 622 421 414 1123 550 622 927 1058 297 831 1023 639 479 668 384 1093 820 51 530 623 793 339 851 468 194 903 209 121 851 867 
561 434 314 394 555 94 366 561 451 477 446 575 305 199 432 475 420 519 472 624 511 479 173 544 406 606 270 356 544 0 319 465 212 218 368 394 297 341 74 420 456 576 596 159 583 412 322 518 360 518 397 259 455 230 581 103 186 304 438 606 440 160 390 227 156 420 429 176 481 522 556 589 402 374 237 383 193 195 446 445 248 467 510 133 583 282 427 662 544 340 321 429 726 69 660 556 244 290 328 363 113 432 571 530 120 107 594 451 434 348 339 267 542 327 401 420 303 308 592 332 507 316 330 579 55 316 429 558 597 317 478 297 328 474 293 561 284 499 468 429 248 451 498 572 565 362 504 465 311 382 
380 279 514 587 833 378 282 581 500 744 545 717 338 429 270 221 718 578 237 362 335 301 348 784 448 458 51 674 805 319 0 163 451 106 63 241 497 578 314 132 760 341 814 295 373 731 404 235 493 736 120 76 747 427 780 420 263 145 726 390 267 478 252 399 166 596 598 447 197 495 785 355 641 491 112 68 507 454 350 461 408 261 785 450 306 569 657 519 388 410 162 467 509 304 451 238 467 601 10 672 316 738 291 212 283 273 397 685 572 487 521 59 523 270 87 292 536 453 296 376 803 431 649 426 358 256 121 252 752 68 339 558 395 752 446 311 307 755 485 715 223 586 256 638 761 317 696 752 297 64 
453 228 596 659 995 508 282 569 514 907 577 754 492 534 217 103 837 586 304 209 418 224 512 865 596 366 200 814 898 465 163 0 613 266 101 213 581 741 444 49 916 208 883 399 426 877 453 247 653 809 201 239 906 520 840 569 358 291 837 264 367 620 229 487 309 659 657 565 224 469 860 391 730 648 230 136 642 567 316 465 489 174 887 589 148 687 821 423 303 452 302 613 371 461 322 149 565 754 152 799 477 863 132 140 445 434 282 848 620 546 683 200 497 414 78 409 699 614 133 529 962 489 795 509 511 285 149 214 792 213 442 720 440 914 517 342 463 846 486 876 381 630 137 642 822 458 758 862 447 124 
543 633 491 563 382 275 572 770 659 293 646 754 231 381 629 649 479 723 509 798 500 675 107 667 277 811 415 345 646 212 451 613 0 347 512 590 476 133 284 576 331 760 732 371 581 354 531 583 181 660 482 376 304 421 732 168 397 364 515 797 447 224 589 427 324 596 608 335 553 734 688 604 541 203 408 499 270 358 654 657 449 656 596 229 749 388 219 869 746 549 370 297 918 168 853 666 419 208 462 407 138 470 735 637 169 181 789 245 624 544 135 417 754 307 538 403 93 138 746 233 361 520 289 538 159 522 531 641 770 418 450 107 538 302 490 593 233 611 678 269 267 640 677 773 719 314 665 539 270 504 
398 327 453 531 728 287 301 582 487 640 517 681 266 355 320 307 629 565 277 455 348 360 247 716 383 513 68 574 731 218 106 266 347 0 164 284 435 476 226 229 654 424 754 232 405 627 373 306 407 675 183 42 641 362 726 317 212 123 641 468 274 378 290 340 78 546 550 362 268 508 721 399 571 408 93 165 410 373 380 458 352 329 705 351 403 483 558 574 443 384 145 404 589 198 527 339 397 495 116 578 211 645 389 312 178 168 467 585 533 444 426 73 534 221 193 278 434 363 399 305 697 391 545 432 253 260 211 340 712 102 334 454 369 647 396 363 235 681 482 610 151 548 339 624 708 270 643 667 236 166 
413 237 530 599 893 418 258 558 486 805 539 715 400 456 226 160 753 563 264 298 372 252 411 801 509 408 99 720 828 368 63 101 512 164 0 205 514 640 353 69 816 280 826 319 398 780 404 239 557 749 146 139 805 447 787 471 282 204 757 331 309 524 218 417 212 604 604 480 205 466 799 373 661 554 139 72 550 485 315 443 422 208 812 495 242 603 720 468 339 406 219 528 448 360 391 202 490 654 53 711 376 776 227 181 343 332 340 748 573 492 584 100 494 329 36 341 598 516 234 438 860 435 698 464 411 243 119 237 751 124 384 619 393 812 456 326 370 776 466 774 286 585 196 622 769 375 704 783 358 59 
617 43 415 466 949 396 73 358 301 870 367 543 551 382 39 136 685 373 469 254 574 85 509 675 668 228 229 699 716 394 241 213 590 284 205 0 403 724 342 174 843 192 684 266 603 775 256 439 686 614 350 289 848 355 637 490 223 381 676 213 508 519 16 320 269 461 457 427 407 262 666 577 549 689 194 277 527 422 110 252 315 84 715 487 237 540 809 289 159 250 401 689 332 422 266 362 401 675 237 662 455 718 231 351 431 415 200 835 415 350 694 219 290 499 227 533 683 638 272 590 898 295 696 666 449 98 321 422 582 309 581 687 240 868 332 529 520 664 272 823 435 424 135 429 619 548 557 699 519 264 
828 423 18 98 710 207 334 340 237 659 188 280 601 98 428 535 297 275 712 654 778 467 468 287 703 523 448 368 317 297 497 581 476 435 514 403 0 579 234 532 567 586 319 204 840 457 158 731 646 240 610 475 599 73 292 308 234 554 278 589 704 271 389 97 357 123 133 142 693 353 287 834 148 664 385 564 242 119 375 267 92 486 312 253 640 175 657 561 487 173 575 726 686 367 624 715 56 422 502 295 410 336 633 695 416 401 561 675 151 92 611 438 360 611 550 696 552 596 672 629 634 118 395 855 329 306 618 747 300 531 754 521 176 640 72 797 578 265 277 589 528 166 538 313 275 652 211 299 602 557 
613 766 592 659 266 391 705 890 779 173 758 851 308 490 763 781 518 839 606 930 576 809 229 732 303 944 545 360 699 341 578 741 133 476 640 724 579 0 411 706 262 893 803 499 658 335 652 688 178 737 596 502 214 532 811 275 527 478 561 930 534 310 723 544 458 694 707 437 660 861 757 687 619 203 541 621 348 460 786 781 565 789 643 325 880 461 86 1001 880 672 479 315 1052 301 987 783 523 213 589 445 270 498 865 755 300 313 923 111 730 655 104 548 880 397 665 484 42 170 875 294 268 638 296 595 286 654 649 751 862 539 522 60 661 192 604 684 322 671 801 177 378 746 809 886 799 389 752 582 356 628 
602 380 252 332 611 65 305 487 377 538 373 508 368 140 379 438 405 445 498 583 551 426 246 499 474 544 263 371 507 74 314 444 284 226 353 342 234 411 0 396 501 530 544 88 618 439 247 532 434 465 409 268 508 163 524 150 122 332 415 555 478 180 336 156 149 356 364 136 494 450 507 618 354 447 214 381 198 149 382 372 176 420 479 148 548 257 496 598 485 266 352 498 673 139 606 551 185 333 322 358 184 424 537 526 184 168 540 520 365 276 413 257 470 378 389 465 374 382 563 398 557 242 358 625 125 256 432 563 532 328 524 364 254 531 221 586 344 459 394 485 295 381 456 498 508 418 445 441 368 378 
462 196 548 611 956 460 240 533 473 869 533 710 469 485 186 94 788 546 312 229 424 201 477 817 578 352 161 767 849 420 132 49 576 229 69 174 532 706 396 0 874 213 835 350 441 831 406 269 626 761 200 207 866 471 793 524 309 271 788 265 366 573 190 438 265 612 610 516 240 436 812 410 681 623 184 127 595 518 282 425 440 153 838 542 174 638 787 411 286 406 286 596 380 420 325 191 515 710 122 750 439 814 160 177 407 395 277 814 574 499 652 159 464 397 65 403 664 585 172 507 920 442 749 516 467 239 156 247 748 192 442 682 393 874 469 361 439 797 447 835 355 585 131 604 775 442 711 813 427 113 
866 881 574 615 155 450 803 907 801 157 756 794 555 508 881 932 375 843 840 1080 826 927 436 610 564 1038 717 215 557 456 760 916 331 654 816 843 567 262 501 874 0 1030 687 582 908 136 692 913 440 639 808 689 64 552 715 354 621 692 424 1057 777 328 837 577 608 653 668 449 882 908 642 933 541 465 692 816 335 466 875 820 595 921 495 359 1039 400 259 1089 983 712 700 577 1174 456 1108 987 523 167 771 316 447 337 1027 959 481 488 1041 252 708 659 366 716 920 637 847 731 286 427 1046 547 68 664 173 854 406 755 853 969 793 738 774 234 706 120 619 924 562 547 836 93 598 722 953 877 708 638 678 436 598 819 
661 163 596 639 1129 587 252 451 436 1047 514 680 679 573 159 119 875 492 512 72 627 119 668 845 790 181 357 891 893 576 341 208 760 424 280 192 586 893 530 213 1030 0 844 457 631 967 431 450 830 780 409 411 1031 544 792 676 414 484 863 56 575 709 202 510 435 627 620 619 431 348 832 594 728 830 351 338 719 614 223 383 502 109 896 677 99 731 977 227 141 421 499 808 167 594 113 323 589 862 332 853 622 908 107 327 593 579 83 1003 571 522 850 351 372 610 276 615 851 787 153 717 1083 472 886 717 629 289 358 403 721 405 650 862 414 1048 514 544 648 842 395 1005 563 577 85 539 775 656 718 885 638 325 
1145 692 301 226 843 501 611 448 412 824 332 201 899 404 700 821 312 380 1032 917 1094 728 755 77 990 730 766 476 142 596 814 883 732 754 826 684 319 803 544 835 687 844 0 523 1158 552 430 1049 913 79 928 794 741 392 61 571 551 872 263 832 1021 508 668 415 676 224 227 420 1011 525 46 1153 195 934 701 880 463 401 620 465 406 760 201 507 916 345 865 746 719 434 893 1013 903 664 851 1024 359 600 818 375 703 353 913 1005 716 703 798 875 273 336 863 756 514 921 861 1010 787 867 956 923 754 393 533 1170 614 598 934 1062 169 850 1068 742 444 794 369 1116 880 140 458 746 840 267 815 363 74 958 127 254 907 872 
628 301 222 299 697 131 221 405 297 625 304 456 429 136 302 376 438 368 508 516 577 348 323 489 541 458 245 434 510 159 295 399 371 232 319 266 204 499 88 350 582 457 523 0 637 509 168 528 513 444 406 270 592 132 494 237 43 352 438 478 503 254 257 108 155 314 319 167 489 363 491 630 345 525 184 363 261 168 295 287 121 348 492 223 487 288 585 511 401 185 374 565 593 217 526 522 172 415 301 403 261 465 477 500 253 235 460 608 308 217 497 236 383 423 356 500 462 461 508 462 640 172 430 658 213 173 417 547 484 327 558 452 172 618 166 593 402 459 309 570 340 324 390 425 476 467 411 464 420 357 
54 634 858 936 919 672 653 953 873 826 914 1083 353 755 623 528 1000 951 135 613 82 642 487 1116 375 792 409 906 1125 583 373 426 581 405 398 603 840 658 618 441 908 631 1158 637 0 933 771 182 493 1079 254 368 870 766 1131 655 616 286 1021 688 142 728 617 745 482 951 955 752 202 864 1123 48 971 473 474 325 770 767 714 834 758 594 1092 709 550 865 706 849 727 779 265 375 784 528 743 324 799 786 374 939 505 1007 536 310 478 483 708 731 936 847 559 421 892 276 379 177 625 488 506 364 926 793 860 109 591 629 284 242 1116 317 136 673 764 850 800 91 348 1077 858 833 339 950 563 1010 1113 269 1048 1048 311 339 
897 810 461 493 291 380 727 797 695 284 642 666 585 413 811 878 239 729 848 1023 852 857 446 474 621 954 683 89 421 412 731 877 354 627 780 775 457 335 439 831 136 967 552 509 933 0 596 911 503 506 797 666 193 454 580 310 552 688 288 988 794 259 767 484 568 531 546 357 877 807 507 952 413 529 647 792 248 370 793 719 499 857 359 291 988 283 362 1001 904 614 699 637 1100 433 1034 966 419 146 740 184 438 201 977 939 471 473 968 362 590 550 433 680 816 656 814 755 345 477 1001 587 201 563 82 893 373 682 836 960 662 721 804 287 611 249 516 935 585 412 733 208 602 602 896 758 575 668 547 300 622 793 
770 270 167 210 824 262 183 239 129 761 144 313 596 184 276 392 455 200 637 501 720 312 491 419 709 366 362 509 462 322 404 453 531 373 404 256 158 652 247 406 692 431 430 168 771 596 0 638 680 358 524 405 715 141 386 378 166 497 437 432 647 370 240 115 306 206 203 243 601 215 410 758 297 693 297 465 357 227 216 130 97 335 465 343 492 324 736 407 328 19 519 732 527 384 465 596 178 533 406 448 429 493 487 580 421 404 403 758 169 94 661 351 230 582 438 651 618 628 528 630 756 41 525 806 371 168 518 641 348 454 708 601 17 748 86 715 568 411 149 699 500 182 390 257 368 628 304 458 584 455 
217 465 749 823 954 594 498 797 726 861 777 951 386 659 454 351 935 802 92 431 196 469 477 1017 455 614 282 868 1035 518 235 247 583 306 239 439 731 688 532 269 913 450 1049 528 182 911 638 0 550 971 123 264 887 660 1015 609 498 223 948 506 176 676 454 634 384 832 833 669 38 702 1019 144 873 537 347 172 712 680 549 683 643 420 1012 651 368 790 753 670 551 642 213 465 602 480 561 146 699 770 232 882 473 950 354 129 440 439 528 779 807 722 603 293 730 294 212 232 649 528 325 412 944 666 832 276 543 482 120 73 986 204 238 687 628 878 681 94 366 985 706 851 315 820 385 861 997 317 932 974 335 183 
445 729 663 738 427 440 685 918 809 336 806 927 166 549 723 712 657 879 462 856 412 766 189 848 125 914 473 512 827 360 493 653 181 407 557 686 646 178 434 626 440 830 913 513 493 503 680 550 0 841 478 419 391 586 912 344 528 365 694 875 383 405 688 587 419 769 780 509 529 870 869 527 721 25 491 521 451 531 768 799 608 737 776 408 799 569 213 975 846 697 360 137 997 296 935 664 591 366 503 584 251 644 784 637 264 282 875 238 791 707 73 480 892 257 574 328 158 52 784 137 444 676 452 422 318 637 536 619 945 440 356 216 685 362 652 530 192 792 822 354 271 808 745 932 898 235 842 718 216 530 
1066 624 222 150 794 423 541 406 355 769 274 183 822 325 632 750 270 334 952 851 1015 662 679 71 915 675 688 424 139 518 736 809 660 675 749 614 240 737 465 761 639 780 79 444 1079 506 358 971 841 0 850 715 689 312 76 497 472 793 223 771 942 436 598 337 597 153 159 343 933 473 52 1074 120 861 624 802 392 323 556 406 328 691 182 433 848 275 802 696 659 363 814 938 848 586 793 948 280 539 741 323 626 314 844 929 638 625 738 814 211 264 793 678 466 843 785 931 719 793 886 846 707 320 478 1091 537 525 856 985 165 772 989 676 373 741 292 1037 802 108 402 692 761 209 747 329 68 880 70 221 829 795 
267 383 628 703 860 471 399 699 620 769 665 837 312 536 373 294 812 698 119 409 225 397 375 895 405 551 163 750 912 397 120 201 482 183 146 350 610 596 409 200 808 409 928 406 254 797 524 123 478 850 0 141 785 538 896 491 378 118 824 463 166 556 363 513 260 713 715 546 85 610 898 234 751 470 228 74 591 556 461 580 523 351 888 531 347 666 668 611 483 530 118 420 573 364 522 187 576 658 120 760 361 828 331 159 327 324 477 695 692 605 521 174 638 225 135 207 556 447 319 345 842 550 717 318 425 376 59 163 871 81 242 588 516 782 562 191 287 862 604 751 218 705 330 757 878 263 813 851 263 88 
365 330 493 569 758 330 315 604 514 669 549 715 268 397 322 292 672 592 238 436 315 359 273 757 382 514 59 615 772 259 76 239 376 42 139 289 475 502 268 207 689 411 794 270 368 666 405 264 419 715 141 0 674 402 764 357 247 96 683 458 242 419 297 378 120 583 586 405 226 526 761 360 612 418 111 126 452 416 391 481 390 323 747 393 381 525 581 576 444 414 118 402 579 235 518 300 438 532 86 620 243 688 366 273 209 201 461 609 568 479 445 70 553 210 162 253 460 378 372 307 730 425 585 402 293 279 170 298 747 59 307 484 399 677 432 322 237 723 506 642 152 582 326 652 746 259 681 710 231 129 
826 887 607 655 110 463 813 937 829 93 788 838 518 532 886 929 429 874 810 1078 788 933 411 664 517 1050 706 265 613 455 747 906 304 641 805 848 599 214 508 866 64 1031 741 592 870 193 715 887 391 689 785 674 0 576 765 357 630 668 478 1061 742 345 843 599 602 692 707 473 857 930 695 898 586 415 687 799 360 492 888 844 618 923 552 374 1035 439 199 1103 993 734 674 528 1180 445 1114 968 551 181 758 366 431 393 1021 940 464 473 1047 190 744 689 318 707 944 603 834 695 245 383 1038 507 57 689 213 810 402 764 834 946 839 720 734 199 728 56 646 891 528 601 861 37 571 758 952 911 757 601 723 491 563 803 
755 381 91 171 687 146 292 363 253 628 225 345 531 44 384 482 330 307 640 609 704 426 403 356 635 502 378 369 380 230 427 520 421 362 447 355 73 532 163 471 552 544 392 132 766 454 141 660 586 312 538 402 576 0 366 257 165 480 322 554 630 235 342 34 284 192 200 103 622 355 359 761 214 602 315 495 217 85 345 268 45 439 367 211 589 188 614 547 458 160 502 659 658 299 594 650 46 396 432 313 343 364 582 629 347 331 528 634 205 123 556 368 367 539 484 622 502 534 618 561 617 112 384 782 267 256 548 678 369 459 681 477 156 613 71 725 508 328 284 562 456 221 488 354 348 580 284 346 531 488 
1121 643 274 195 870 487 564 388 357 845 278 140 886 384 651 774 343 321 1002 865 1070 678 746 119 982 673 733 500 191 581 780 840 732 726 787 637 292 811 524 793 715 792 61 494 1131 580 386 1015 912 76 896 764 765 366 0 567 518 846 295 778 996 509 621 386 649 183 183 408 977 468 85 1124 192 932 668 845 465 387 569 411 374 711 244 504 867 350 877 687 664 388 867 1005 846 651 795 983 339 615 783 399 692 386 864 966 702 688 743 890 222 295 866 722 455 903 822 988 793 864 908 912 782 352 554 1148 604 555 898 1024 109 820 1047 751 400 816 333 1085 865 174 402 768 820 215 767 302 18 942 83 291 891 836 
627 530 323 395 461 116 456 615 504 388 483 586 339 215 528 578 349 563 554 726 578 575 188 510 420 694 373 259 497 103 420 569 168 317 471 490 308 275 150 524 354 676 571 237 655 310 378 609 344 497 491 357 357 257 567 0 273 388 376 704 512 73 485 268 259 428 439 167 573 590 528 666 377 364 340 482 119 190 532 508 289 567 454 64 686 231 358 748 635 398 403 442 822 129 756 656 252 187 430 284 150 352 674 629 177 173 689 379 458 380 304 370 608 385 504 483 245 296 695 357 408 362 228 636 65 406 527 653 602 413 539 222 388 381 328 643 327 457 528 334 315 474 599 611 553 411 498 402 360 483 
610 260 251 324 734 173 183 394 289 660 308 469 432 175 260 333 480 364 485 472 560 306 339 521 547 422 215 477 545 186 263 358 397 212 282 223 234 527 122 309 621 414 551 43 616 552 166 498 528 472 378 247 630 165 518 273 0 335 479 436 486 296 216 136 140 336 339 210 460 341 521 606 379 538 151 330 304 210 260 272 144 305 530 264 443 330 613 477 362 179 357 570 552 235 486 485 208 454 268 447 278 507 434 463 265 247 419 638 321 231 518 205 364 416 319 487 489 477 465 467 679 180 472 644 242 133 384 513 500 301 545 483 165 654 185 567 403 494 296 607 334 336 346 423 500 462 435 504 418 323 
275 420 572 651 742 388 411 700 609 650 641 804 202 469 412 364 724 687 167 499 225 445 257 830 306 602 152 647 840 304 145 291 364 123 204 381 554 478 332 271 692 484 872 352 286 688 497 223 365 793 118 96 668 480 846 388 335 0 741 535 151 458 390 460 197 667 672 468 189 622 837 286 685 359 207 156 496 482 485 577 474 406 810 435 439 584 550 663 532 507 22 324 652 259 595 305 513 547 153 667 250 735 424 277 217 216 542 577 657 567 404 164 649 125 213 157 437 332 420 238 725 515 610 309 323 375 172 277 835 79 212 471 492 664 518 256 173 792 602 634 100 671 400 746 828 172 763 768 156 166 
998 700 271 260 579 353 611 577 494 563 423 397 715 303 704 804 49 504 909 930 948 744 564 186 789 799 675 215 138 438 726 837 515 641 757 676 278 561 415 788 424 863 263 438 1021 288 437 948 694 223 824 683 478 322 295 376 479 741 0 868 879 303 663 356 564 292 306 279 909 617 218 1027 160 718 619 794 256 272 653 534 361 760 81 315 912 158 615 834 765 451 759 810 964 495 903 959 276 350 733 117 525 91 904 936 547 539 840 622 360 358 635 667 618 758 794 855 553 653 940 731 490 396 275 1011 434 578 846 977 385 743 912 502 455 532 351 997 703 123 539 486 683 368 810 518 291 787 275 26 735 790 
717 177 599 635 1161 609 262 422 420 1081 500 660 727 586 176 171 883 469 568 106 683 130 709 839 839 135 402 910 889 606 390 264 797 468 331 213 589 930 555 265 1057 56 832 478 688 988 432 506 875 771 463 458 1061 554 778 704 436 535 868 0 630 732 220 520 472 620 612 635 487 321 823 650 727 876 390 392 739 628 216 367 511 141 897 701 150 742 1015 175 114 419 550 858 122 630 60 378 598 889 382 866 660 918 160 383 632 617 37 1041 560 519 892 395 343 660 329 668 889 831 204 765 1112 473 908 773 661 305 413 459 701 455 705 897 414 1080 517 600 696 839 377 1036 610 565 135 512 761 707 706 889 687 378 
124 544 722 801 800 530 548 844 756 707 791 955 226 617 534 461 858 834 84 572 74 561 348 977 280 717 292 765 984 440 267 367 447 274 309 508 704 534 478 366 777 575 1021 503 142 794 647 176 383 942 166 242 742 630 996 512 486 151 879 630 0 585 519 611 348 818 823 612 167 761 985 157 832 367 353 240 627 627 617 722 625 517 950 566 509 723 592 777 648 656 129 288 738 385 688 314 661 648 271 796 363 865 494 290 335 341 644 618 808 718 442 304 788 140 301 56 499 367 475 246 799 666 720 161 448 517 218 250 986 202 75 544 642 727 669 149 215 937 746 706 197 822 497 894 979 148 914 905 179 254 
701 556 283 349 454 123 476 598 488 392 456 541 412 190 556 618 275 540 625 764 652 602 261 444 489 709 429 196 427 160 478 620 224 378 524 519 271 310 180 573 328 709 508 254 728 259 370 676 405 436 556 419 345 235 509 73 296 458 303 732 585 0 512 255 313 384 397 133 640 586 464 738 317 426 389 543 47 154 547 500 275 599 381 31 728 164 385 760 655 390 473 511 847 200 781 716 217 164 487 211 224 279 717 690 250 244 715 403 422 354 356 425 600 459 559 557 286 359 742 429 389 347 178 710 136 428 589 717 553 477 612 251 383 378 306 714 400 389 518 328 388 438 637 583 496 485 444 329 433 542 
630 44 401 451 945 389 57 343 285 867 351 526 556 370 44 152 673 356 482 266 586 90 510 660 673 225 238 690 701 390 252 229 589 290 218 16 389 723 336 190 837 202 668 257 617 767 240 454 688 598 363 297 843 342 621 485 216 390 663 220 519 512 0 308 271 445 441 417 422 248 650 591 534 693 199 291 519 411 97 235 302 97 701 480 252 528 808 286 158 234 410 695 337 421 270 378 388 669 248 650 455 706 246 367 432 415 204 834 398 334 695 227 276 507 242 543 682 640 288 595 893 280 688 678 445 86 335 438 565 319 592 685 224 864 318 543 525 650 256 818 441 407 149 413 603 556 541 686 525 277 
736 346 115 191 709 153 258 346 235 647 219 353 523 70 350 448 365 295 616 575 685 392 401 384 630 471 351 399 411 227 399 487 427 340 417 320 97 544 156 438 577 510 415 108 745 484 115 634 587 337 513 378 599 34 386 268 136 460 356 520 611 255 308 0 263 207 213 128 595 331 385 738 243 602 287 467 242 113 313 245 21 405 400 228 555 222 627 517 425 135 482 654 625 295 560 619 80 418 404 346 340 399 548 598 340 324 495 648 209 120 561 341 345 525 454 606 512 535 584 554 641 93 411 765 271 222 520 650 380 435 664 491 129 633 65 700 498 359 263 583 442 225 454 346 368 568 303 380 519 459 
473 313 375 453 696 213 266 526 426 612 449 608 301 276 308 327 554 503 356 477 422 353 239 637 418 496 116 509 652 156 166 309 324 78 212 269 357 458 149 265 608 435 676 155 482 568 306 384 419 597 260 120 602 284 649 259 140 197 564 472 348 313 271 263 0 469 474 285 345 462 643 477 493 425 85 232 341 295 349 402 276 331 627 284 432 407 542 556 428 318 219 441 594 159 529 404 319 444 175 506 187 573 419 378 161 145 466 569 461 370 424 112 487 276 246 346 416 370 437 338 656 320 486 504 201 219 282 413 638 179 404 426 304 614 320 442 271 603 427 573 196 476 353 562 631 323 566 591 281 230 
943 471 106 37 802 330 388 285 211 760 133 158 723 221 478 597 327 211 821 698 892 509 591 219 826 529 550 442 272 420 596 659 596 546 604 461 123 694 356 612 653 627 224 314 951 531 206 832 769 153 713 583 692 192 183 428 336 667 292 620 818 384 445 207 469 0 15 261 794 333 205 943 132 787 485 661 348 238 404 258 193 538 291 369 695 253 769 556 508 210 689 850 701 490 644 800 178 522 600 352 533 372 691 783 539 523 587 785 68 112 732 539 330 731 639 813 668 718 733 752 721 169 481 972 452 374 715 841 177 637 872 635 221 737 150 903 700 224 258 687 648 75 593 229 165 773 100 304 723 652 
947 465 117 52 817 340 383 271 200 774 121 147 732 231 473 593 342 197 824 692 897 503 601 227 835 519 552 457 282 429 598 657 608 550 604 457 133 707 364 610 668 620 227 319 955 546 203 833 780 159 715 586 707 200 183 439 339 672 306 612 823 397 441 213 474 15 0 272 796 322 212 946 146 797 487 662 362 249 397 249 198 533 304 382 690 268 782 544 500 206 693 859 691 499 635 799 189 536 601 367 543 387 686 782 547 532 579 799 56 111 743 541 318 738 639 819 681 729 729 761 736 169 496 978 462 372 716 841 168 640 877 648 217 752 154 906 708 236 247 701 655 61 588 214 165 780 101 318 731 653 
734 459 156 229 583 82 373 465 356 525 323 419 478 59 461 543 273 407 634 680 683 505 337 368 573 596 395 275 372 176 447 565 335 362 480 427 142 437 136 516 449 619 420 167 752 357 243 669 509 343 546 405 473 103 408 167 210 468 279 635 612 133 417 128 285 261 272 0 631 458 380 754 225 527 341 515 114 23 436 371 146 511 343 112 653 123 516 643 547 262 487 597 745 243 679 681 86 292 454 236 283 298 644 657 296 283 613 535 292 221 471 388 471 503 516 595 410 459 675 503 514 215 283 754 195 330 566 698 436 464 653 380 257 509 174 722 459 325 388 459 423 308 555 451 393 538 335 305 487 510 
230 435 710 784 927 556 464 763 690 834 740 914 363 620 424 326 897 767 87 417 201 441 446 978 440 589 244 832 997 481 197 224 553 268 205 407 693 660 494 240 882 431 1011 489 202 877 601 38 529 933 85 226 857 622 977 573 460 189 909 487 167 640 422 595 345 794 796 631 0 670 981 170 835 517 309 136 675 641 518 648 604 393 973 615 353 752 728 647 525 606 182 451 587 445 543 146 660 736 194 844 439 912 339 123 406 404 506 755 770 685 579 254 698 271 180 221 621 504 314 392 914 628 797 288 507 446 86 90 949 166 236 658 591 850 643 121 341 947 671 821 285 783 361 827 959 299 894 936 312 147 
875 240 354 359 1040 475 212 103 123 976 201 341 763 399 251 374 644 149 729 420 830 254 680 545 880 205 470 719 604 522 495 469 734 508 466 262 353 861 450 436 908 348 525 363 864 807 215 702 870 473 610 526 930 355 468 590 341 622 617 321 761 586 248 331 462 333 322 458 670 0 524 839 460 879 416 538 572 441 153 87 312 300 625 558 439 528 946 223 208 196 644 903 378 577 329 617 388 749 492 649 619 686 441 609 606 588 284 969 266 262 860 458 28 729 490 779 825 818 489 800 972 244 739 921 575 248 584 682 382 559 831 812 203 964 290 792 733 558 77 914 654 265 353 190 452 778 404 633 740 525 
1109 677 270 201 797 462 593 453 406 777 325 218 858 368 684 802 267 382 999 904 1058 715 713 34 948 726 736 430 106 556 785 860 688 721 799 666 287 757 507 812 642 832 46 491 1123 507 410 1019 869 52 898 761 695 359 85 528 521 837 218 823 985 464 650 385 643 205 212 380 981 524 0 1120 154 890 672 852 418 361 609 458 377 744 160 463 901 300 818 746 711 416 858 971 899 624 845 999 324 554 789 329 663 308 897 980 676 664 790 829 263 316 818 726 515 883 835 972 742 823 939 881 708 372 487 1132 572 577 905 1034 192 819 1031 696 426 748 343 1084 840 95 453 700 802 260 799 373 89 919 119 211 868 844 
101 605 853 930 951 675 631 931 854 858 900 1071 380 753 595 495 1008 932 122 572 115 611 506 1115 413 758 395 921 1126 589 355 391 604 399 373 577 834 687 618 410 933 594 1153 630 48 952 758 144 527 1074 234 360 898 761 1124 666 606 286 1027 650 157 738 591 738 477 943 946 754 170 839 1120 0 970 508 460 301 779 768 688 814 750 563 1096 718 510 870 740 814 694 764 267 415 744 538 704 281 796 806 354 949 518 1017 496 269 489 493 672 765 924 837 591 406 868 297 351 203 653 518 464 394 954 782 877 157 601 610 256 198 1104 305 172 700 750 880 792 49 371 1078 838 861 352 938 529 992 1106 297 1041 1054 335 314 
956 567 134 101 695 307 479 417 337 661 263 253 704 216 573 682 196 344 848 798 905 609 560 145 795 648 591 326 168 402 641 730 541 571 661 549 148 619 354 681 541 728 195 345 971 413 297 873 721 120 751 612 586 214 192 377 379 685 160 727 832 317 534 243 493 132 146 225 835 460 154 970 0 741 529 709 273 207 511 380 240 631 169 313 786 158 687 680 620 308 706 818 817 469 758 863 174 428 646 229 508 242 780 842 522 509 697 701 200 209 673 582 459 728 697 818 601 673 819 728 610 256 373 978 418 454 762 893 252 671 877 559 314 635 216 935 685 116 383 586 647 208 684 359 180 764 137 173 713 702 
424 732 680 756 449 457 691 930 822 358 821 944 157 566 726 711 680 892 447 853 393 768 202 870 102 918 473 537 849 374 491 648 203 408 554 689 664 203 447 623 465 830 934 525 473 529 693 537 25 861 470 418 415 602 932 364 538 359 718 876 367 426 693 602 425 787 797 527 517 879 890 508 741 0 494 515 472 550 774 810 623 738 799 428 795 590 235 979 849 710 352 112 997 309 935 654 608 391 501 608 264 668 780 627 273 291 876 258 808 722 98 480 902 246 570 312 184 68 779 125 468 690 477 400 335 643 528 607 963 435 337 241 697 386 667 513 185 814 833 378 267 824 744 946 917 220 862 742 206 525 
474 238 402 475 781 279 208 493 402 697 440 610 357 319 232 242 614 481 340 392 425 274 319 671 475 423 65 584 694 237 112 230 408 93 139 194 385 541 214 184 692 351 701 184 474 647 297 347 491 624 228 111 687 315 668 340 151 207 619 390 353 389 199 287 85 485 487 341 309 416 672 460 529 494 0 179 412 346 287 370 295 249 676 358 347 464 625 484 354 305 229 497 512 244 448 340 356 527 117 572 270 636 335 317 242 227 385 652 464 377 503 54 443 314 175 365 500 444 354 396 741 321 565 514 285 168 233 363 643 156 419 511 290 699 334 419 326 643 394 658 243 477 268 541 650 363 584 645 328 173 
341 309 581 653 881 446 329 629 555 791 604 778 358 498 299 221 786 632 192 345 300 322 394 851 460 477 119 739 873 383 68 136 499 165 72 277 564 621 381 127 816 338 880 363 325 792 465 172 521 802 74 126 799 495 845 482 330 156 794 392 240 543 291 467 232 661 662 515 136 538 852 301 709 515 179 0 573 523 388 513 474 277 854 515 284 638 698 537 409 470 166 477 505 362 451 173 535 659 62 739 369 805 269 147 335 327 404 725 635 551 556 127 566 278 62 276 580 485 263 394 856 494 711 392 419 310 53 184 814 82 315 607 456 801 511 255 329 823 536 767 250 648 258 691 826 321 761 820 312 14 
744 562 252 312 470 134 479 577 469 416 430 504 458 173 563 634 231 516 664 776 694 609 307 397 536 707 457 173 380 193 507 642 270 410 550 527 242 348 198 595 335 719 463 261 770 248 357 712 451 392 591 452 360 217 465 119 304 496 256 739 627 47 519 242 341 348 362 114 675 572 418 779 273 472 412 573 0 132 546 485 260 610 335 61 744 118 421 756 656 377 512 558 852 241 786 745 192 180 516 170 269 239 734 719 292 286 719 437 391 329 401 452 585 503 585 600 327 405 761 476 399 329 171 755 179 433 621 750 513 510 656 288 371 398 286 753 446 342 502 347 430 406 650 556 453 530 403 283 479 571 
750 452 133 206 602 100 365 445 337 546 301 396 499 43 455 541 270 386 647 676 699 499 359 350 595 584 403 285 358 195 454 567 358 373 485 422 119 460 149 518 466 614 401 168 767 370 227 680 531 323 556 416 492 85 387 190 210 482 272 628 627 154 411 113 295 238 249 23 641 441 361 768 207 550 346 523 132 0 425 354 130 506 332 134 651 120 538 630 537 246 502 618 736 263 671 687 63 311 461 239 304 297 642 664 315 302 605 557 269 199 494 395 453 521 522 611 433 482 675 524 531 197 298 771 217 324 575 706 413 475 670 403 241 529 154 735 479 309 370 478 440 285 552 429 372 557 313 298 506 518 
728 87 383 418 993 425 82 253 215 920 291 460 644 382 98 224 670 278 580 296 684 110 584 623 761 162 332 711 672 446 350 316 654 380 315 110 375 786 382 282 875 223 620 295 714 793 216 549 768 556 461 391 888 345 569 532 260 485 653 216 617 547 97 313 349 404 397 436 518 153 609 688 511 774 287 388 546 425 0 161 301 151 680 516 301 534 872 216 112 203 506 783 312 487 249 464 388 710 346 658 526 707 301 456 506 488 186 897 347 302 768 321 181 600 337 640 747 718 347 682 935 257 717 776 502 132 432 528 501 416 689 744 198 914 302 640 613 622 177 866 530 353 207 331 551 649 494 674 616 375 
840 244 268 280 954 392 185 124 53 892 133 298 702 312 254 381 559 120 699 455 793 272 609 475 817 270 430 632 531 445 461 465 657 458 443 252 267 781 372 425 820 383 465 287 834 719 130 683 799 406 580 481 844 268 411 508 272 577 534 367 722 500 235 245 402 258 249 371 648 87 458 814 380 810 370 513 485 354 161 0 225 311 547 473 463 441 865 299 253 110 599 841 442 503 387 614 300 663 460 562 547 601 462 603 536 518 332 887 195 177 785 417 100 677 471 734 746 747 508 738 885 156 651 883 497 205 562 672 339 521 789 730 119 878 202 768 672 483 24 829 598 198 367 178 394 724 340 551 684 501 
749 339 108 180 728 174 250 326 214 667 198 336 542 87 343 445 372 274 628 569 699 384 422 378 650 457 360 414 408 248 408 489 449 352 422 315 92 565 176 440 595 502 406 121 758 499 97 643 608 328 523 390 618 45 374 289 144 474 361 511 625 275 302 21 276 193 198 146 604 312 377 750 240 623 295 474 260 130 301 225 0 399 401 249 552 233 648 502 414 116 496 674 613 315 550 623 87 437 412 357 361 407 545 603 360 343 485 669 190 100 582 350 325 542 458 621 533 556 582 573 660 72 428 780 292 218 528 657 363 445 679 512 111 653 46 711 517 357 243 603 459 206 450 325 356 585 290 383 537 466 
616 68 498 546 1022 477 152 402 364 941 436 609 592 466 59 74 770 429 465 170 577 49 568 754 706 200 265 782 797 467 261 174 656 329 208 84 486 789 420 153 921 109 760 348 594 857 335 420 737 691 351 323 923 439 711 567 305 406 760 141 517 599 97 405 331 538 533 511 393 300 744 563 631 738 249 277 610 506 151 311 399 0 798 568 156 624 874 260 132 328 424 726 263 489 198 319 485 753 253 746 519 802 153 314 491 476 138 900 488 429 752 257 327 530 217 549 748 691 198 631 975 376 777 669 521 183 310 389 649 328 592 756 319 940 415 513 561 746 328 897 475 495 56 482 693 578 633 783 555 263 
1071 734 300 267 650 421 646 572 502 639 425 365 793 356 740 846 125 499 977 965 1021 777 642 125 869 817 734 292 62 510 785 887 596 705 812 715 312 643 479 838 495 896 201 492 1092 359 465 1012 776 182 888 747 552 367 244 454 530 810 81 897 950 381 701 400 627 291 304 343 973 625 160 1096 169 799 676 854 335 332 680 547 401 798 0 391 952 228 695 846 789 477 829 891 986 569 927 1015 322 431 792 198 601 158 945 993 622 613 866 702 360 378 717 726 622 833 849 929 635 734 983 811 560 424 354 1086 510 618 906 1038 346 807 986 584 483 607 383 1065 780 74 549 562 757 364 850 503 244 863 247 61 812 848 
683 524 267 336 482 91 444 574 463 418 434 528 402 167 524 587 291 518 603 732 634 571 252 445 485 679 400 225 433 133 450 589 229 351 495 487 253 325 148 542 359 677 507 223 709 291 343 651 408 433 531 393 374 211 504 64 264 435 315 701 566 31 480 228 284 369 382 112 615 558 463 718 313 428 358 515 61 134 516 473 249 568 391 0 697 167 404 730 623 363 451 507 816 181 750 688 198 193 459 231 210 300 686 662 232 225 683 423 404 332 364 396 573 443 530 540 299 360 711 421 419 321 209 695 118 397 562 691 542 451 597 268 355 405 283 692 388 393 491 356 370 420 605 562 490 471 436 341 420 514 
583 224 652 703 1127 610 308 542 516 1042 591 762 640 613 216 110 919 577 439 63 554 190 651 911 745 280 335 918 953 583 306 148 749 403 242 237 640 880 548 174 1039 99 916 487 550 988 492 368 799 848 347 381 1035 589 867 686 443 439 912 150 509 728 252 555 432 695 690 653 353 439 901 510 786 795 347 284 744 651 301 463 552 156 952 697 0 771 961 325 237 484 451 762 234 590 197 232 636 874 295 890 612 949 15 241 580 568 181 988 644 585 827 332 464 563 226 554 838 759 54 677 1089 532 906 642 633 334 291 314 802 361 583 855 476 1046 570 461 611 902 478 1005 528 651 102 627 849 606 789 935 596 273 
843 568 177 215 549 195 480 513 413 508 358 401 569 158 571 661 150 445 751 794 793 614 420 279 652 689 518 194 266 282 569 687 388 483 603 540 175 461 257 638 400 731 345 288 865 283 324 790 569 275 666 525 439 188 350 231 330 584 158 742 723 164 528 222 407 253 268 123 752 528 300 870 158 590 464 638 118 120 534 441 233 624 228 167 771 0 529 731 647 341 602 674 846 342 782 804 145 272 577 124 375 178 762 780 395 385 717 543 308 268 518 511 536 606 640 701 443 523 795 589 468 287 227 858 283 441 689 820 406 585 759 401 340 485 240 840 554 225 452 434 529 321 671 476 338 637 293 184 585 634 
659 852 669 733 214 474 791 974 862 125 839 925 367 570 848 864 569 921 668 1013 626 894 310 792 337 1030 626 404 753 427 657 821 219 558 720 809 657 86 496 787 259 977 865 585 706 362 736 753 213 802 668 581 199 614 877 358 613 550 615 1015 592 385 808 627 542 769 782 516 728 946 818 740 687 235 625 698 421 538 872 865 648 874 695 404 961 529 0 1087 965 756 550 344 1137 387 1072 855 602 265 668 497 355 543 947 827 383 397 1008 27 808 736 150 630 964 459 744 539 126 225 954 346 244 720 341 635 372 740 722 819 934 615 570 136 746 157 685 741 386 730 886 166 450 823 893 967 867 444 822 634 417 705 
873 247 565 580 1209 640 296 303 344 1137 423 556 840 587 254 320 857 366 723 279 836 217 794 767 957 61 516 916 827 662 519 423 869 574 468 289 561 1001 598 411 1089 227 746 511 849 1001 407 670 975 696 611 576 1103 547 687 748 477 663 834 175 777 760 286 517 556 556 544 643 647 223 746 814 680 979 484 537 756 630 216 299 502 260 846 730 325 731 1087 0 131 390 682 978 169 701 145 549 586 924 512 855 738 898 335 552 716 699 145 1112 489 475 980 506 232 785 476 809 962 926 379 879 1149 444 927 927 718 347 567 628 596 587 852 960 391 1130 492 764 809 780 297 1082 724 488 285 394 672 834 627 851 807 523 
748 116 494 525 1096 532 179 310 306 1021 387 545 709 494 123 200 783 355 598 211 709 87 668 727 825 70 385 822 779 544 388 303 746 443 339 159 487 880 485 286 983 141 719 401 727 904 328 551 846 659 483 444 993 458 664 635 362 532 765 114 648 655 158 425 428 508 500 547 525 208 711 694 620 849 354 409 656 537 112 253 414 132 789 623 237 647 965 131 0 314 551 846 199 578 137 441 501 816 381 771 613 820 241 440 590 573 79 991 448 411 853 375 231 654 349 679 839 798 289 748 1041 368 827 801 599 229 442 516 586 456 723 841 310 1016 414 645 678 729 262 970 593 451 169 399 647 702 593 785 676 395 
779 261 180 218 844 282 177 221 112 781 135 308 610 203 268 386 470 185 645 491 730 302 508 426 724 349 370 528 472 340 410 452 549 384 406 250 173 672 266 406 712 421 434 185 779 614 19 642 697 363 530 414 734 160 388 398 179 507 451 419 656 390 234 135 318 210 206 262 606 196 416 764 308 710 305 470 377 246 203 110 116 328 477 363 484 341 756 390 314 0 529 748 513 401 451 597 197 553 411 465 446 510 480 581 438 420 389 777 168 101 679 358 210 595 440 662 637 645 522 645 776 55 544 816 390 167 522 643 344 461 719 620 14 768 102 721 583 421 130 718 514 179 383 243 370 641 307 471 597 459 
253 440 593 672 745 407 432 722 631 653 663 826 194 489 431 380 741 709 151 511 203 464 263 851 294 621 173 661 859 321 162 302 370 145 219 401 575 479 352 286 700 499 893 374 265 699 519 213 360 814 118 118 674 502 867 403 357 22 759 550 129 473 410 482 219 689 693 487 182 644 858 267 706 352 229 166 512 502 506 599 496 424 829 451 451 602 550 682 551 529 0 311 667 273 610 306 533 557 170 683 261 751 435 278 229 230 559 577 679 589 402 185 671 112 225 135 439 329 429 229 731 537 622 287 337 397 176 272 857 95 190 475 514 667 540 240 168 811 624 639 102 693 415 769 850 156 785 786 146 177 
324 731 744 822 558 520 703 964 859 469 868 1005 140 628 724 688 776 933 372 822 299 762 259 953 23 916 461 640 938 429 467 613 297 404 528 689 726 315 498 596 577 808 1013 565 375 637 732 465 137 938 420 402 528 659 1005 442 570 324 810 858 288 511 695 654 441 850 859 597 451 903 971 415 818 112 497 477 558 618 783 841 674 726 891 507 762 674 344 978 846 748 311 0 976 360 918 595 672 497 476 704 316 767 746 569 313 330 863 366 863 774 210 471 928 199 536 232 294 161 738 103 580 736 581 292 401 658 479 537 1027 403 243 351 734 497 719 427 170 900 865 491 253 879 723 990 990 156 931 835 171 488 
817 292 693 720 1281 724 373 467 492 1202 573 718 847 693 293 287 983 526 672 172 787 246 831 917 958 173 523 1020 973 726 509 371 918 589 448 332 686 1052 673 380 1174 167 903 593 784 1100 527 602 997 848 573 579 1180 658 846 822 552 652 964 122 738 847 337 625 594 701 691 745 587 378 899 744 817 997 512 505 852 736 312 442 613 263 986 816 234 846 1137 169 199 513 667 976 0 751 66 464 701 1006 500 971 782 1020 248 475 754 739 133 1163 637 608 1014 516 392 778 443 780 1011 952 280 885 1230 567 1022 875 781 419 520 547 758 572 813 1018 510 1200 614 695 816 924 446 1155 731 638 253 560 830 823 780 984 806 492 
503 465 384 463 537 163 405 622 513 453 512 645 235 269 461 486 472 583 425 636 453 507 107 610 336 643 261 388 607 69 304 461 168 198 360 422 367 301 139 420 456 594 664 217 528 433 384 480 296 586 364 235 445 299 651 129 235 259 495 630 385 200 421 295 159 490 499 243 445 577 624 538 469 309 244 362 241 263 487 503 315 489 569 181 590 342 387 701 578 401 273 360 751 0 686 535 313 297 314 411 45 480 577 508 53 44 621 413 503 416 283 261 598 264 391 360 261 244 592 262 500 381 353 516 63 355 403 527 667 288 417 267 388 455 361 514 216 563 526 415 188 520 512 637 635 296 574 522 244 364 
773 226 632 662 1215 658 307 425 439 1136 520 671 787 628 227 230 920 479 625 141 740 180 767 862 899 126 462 955 916 660 451 322 853 527 391 266 624 987 606 325 1108 113 851 526 743 1034 465 561 935 793 522 518 1114 594 795 756 486 595 903 60 688 781 270 560 529 644 635 679 543 329 845 704 758 935 448 451 786 671 249 387 550 198 927 750 197 782 1072 145 137 451 610 918 66 686 0 428 637 940 442 907 717 957 209 436 690 675 66 1098 582 548 951 454 347 720 389 728 946 890 248 825 1164 506 956 830 715 353 471 510 712 515 764 952 448 1134 552 655 756 866 393 1089 670 585 195 517 778 767 727 923 748 438 
363 376 731 798 1046 616 431 717 663 955 725 901 498 658 366 244 954 735 233 292 342 367 559 1002 583 498 288 912 1030 556 238 149 666 339 202 362 715 783 551 191 987 323 1024 522 324 966 596 146 664 948 187 300 968 650 983 656 485 305 959 378 314 716 378 619 404 800 799 681 146 617 999 281 863 654 340 173 745 687 464 614 623 319 1015 688 232 804 855 549 441 597 306 595 464 535 428 0 693 832 229 909 539 975 219 28 505 499 405 883 765 688 709 294 645 408 165 367 742 635 184 529 1025 631 885 423 593 429 134 83 939 249 382 773 584 967 655 233 473 979 635 935 405 776 272 792 965 441 900 985 448 174 
785 426 72 149 662 152 337 385 278 608 239 336 549 45 430 528 285 324 674 655 734 472 414 318 649 544 417 332 338 244 467 565 419 397 490 401 56 523 185 515 523 589 359 172 799 419 178 699 591 280 576 438 551 46 339 252 208 513 276 598 661 217 388 80 319 178 189 86 660 388 324 796 174 608 356 535 192 63 388 300 87 485 322 198 636 145 602 586 501 197 533 672 701 313 637 693 0 372 473 270 356 320 628 671 364 349 573 621 206 137 555 408 398 563 527 650 496 540 664 576 589 144 352 810 274 302 589 720 355 496 709 466 195 590 97 761 527 287 314 539 481 222 534 366 322 602 260 300 552 529 
750 714 431 485 291 284 636 757 648 238 610 673 439 351 713 765 306 696 704 913 705 760 300 527 479 872 555 148 489 290 601 754 208 495 654 675 422 213 333 710 167 862 600 415 786 146 533 770 366 539 658 532 181 396 615 187 454 547 350 889 648 164 669 418 444 522 536 292 736 749 554 806 428 391 527 659 180 311 710 663 437 753 431 193 874 272 265 924 816 553 557 497 1006 297 940 832 372 0 611 233 297 285 861 805 330 334 873 275 570 510 299 554 763 510 686 608 211 335 882 441 225 508 85 746 243 588 700 821 678 584 657 156 546 218 466 790 439 465 680 167 458 584 787 735 605 521 564 370 475 661 
383 273 519 591 844 387 280 580 500 755 546 719 347 436 264 212 726 578 238 352 338 294 359 789 457 451 59 684 811 328 10 152 462 116 53 237 502 589 322 122 771 332 818 301 374 740 406 232 503 741 120 86 758 432 783 430 268 153 733 382 271 487 248 404 175 600 601 454 194 492 789 354 646 501 117 62 516 461 346 460 412 253 792 459 295 577 668 512 381 411 170 476 500 314 442 229 473 611 0 680 327 746 280 204 294 284 388 696 575 490 531 65 520 278 76 298 547 463 286 385 813 434 659 430 368 256 115 246 754 74 344 569 397 763 450 310 317 760 484 726 233 588 247 637 765 325 700 759 306 56 
911 691 295 315 471 293 603 627 531 448 470 482 618 280 694 780 73 556 834 916 863 737 466 299 683 813 621 101 255 363 672 799 407 578 711 662 295 445 358 750 316 853 375 403 939 184 448 882 584 323 760 620 366 313 399 284 447 667 117 866 796 211 650 346 506 352 367 236 844 649 329 949 229 608 572 739 170 239 658 562 357 746 198 231 890 124 497 855 771 465 683 704 971 411 907 909 270 233 680 0 435 68 881 884 461 455 841 505 414 386 522 615 655 669 747 768 438 545 912 631 383 410 159 920 347 564 788 918 478 679 823 386 464 419 363 923 608 236 572 371 599 425 791 581 392 693 363 137 643 736 
476 498 428 506 517 205 443 667 558 430 558 689 195 312 494 511 499 628 410 660 428 540 62 648 292 679 278 402 642 113 316 477 138 211 376 455 410 270 184 439 447 622 703 261 505 438 429 473 251 626 361 243 431 343 692 150 278 250 525 660 363 224 455 340 187 533 543 283 439 619 663 518 508 264 270 369 269 304 526 547 361 519 601 210 612 375 355 738 613 446 261 316 782 45 717 539 356 297 327 435 0 503 598 511 33 43 653 381 548 461 242 280 642 234 404 332 229 199 610 220 487 426 361 486 91 394 405 524 711 290 388 243 433 436 406 498 178 599 571 399 166 564 538 682 676 261 616 551 210 372 
980 745 332 338 492 359 657 655 565 482 499 487 685 336 749 839 46 582 903 972 931 791 533 275 747 859 687 139 220 432 738 863 470 645 776 718 336 498 424 814 337 908 353 465 1007 201 493 950 644 314 828 688 393 364 386 352 507 735 91 918 865 279 706 399 573 372 387 298 912 686 308 1017 242 668 636 805 239 297 707 601 407 802 158 300 949 178 543 898 820 510 751 767 1020 480 957 975 320 285 746 68 503 0 940 951 529 524 893 549 439 424 580 681 690 737 812 836 495 607 972 697 402 454 203 988 416 619 855 986 477 747 891 440 511 449 407 992 676 213 609 405 668 448 849 601 382 761 365 99 710 803 
569 221 646 698 1114 599 303 544 515 1028 589 761 625 604 213 100 910 578 424 78 539 190 637 906 729 288 320 907 948 571 291 132 735 389 227 231 633 865 537 160 1027 107 913 477 536 977 487 354 784 844 331 366 1021 582 864 674 434 424 904 160 494 717 246 548 419 691 686 644 339 441 897 496 780 780 335 269 734 642 301 462 545 153 945 686 15 762 947 335 241 480 435 746 248 577 209 219 628 861 280 881 598 940 0 227 566 554 190 974 641 581 812 318 466 547 210 538 823 744 48 662 1076 527 895 627 620 327 275 301 801 345 568 841 471 1032 564 447 595 896 478 992 513 649 97 629 846 590 786 928 580 257 
346 369 711 779 1018 591 418 709 650 927 710 887 470 636 358 240 930 724 211 303 322 363 531 982 557 499 263 886 1009 530 212 140 637 312 181 351 695 755 526 177 959 327 1005 500 310 939 580 129 637 929 159 273 940 629 966 629 463 277 936 383 290 690 367 598 378 783 782 657 123 609 980 269 842 627 317 147 719 664 456 603 603 314 993 662 241 780 827 552 440 581 278 569 475 508 436 28 671 805 204 884 511 951 227 0 478 472 408 855 749 670 681 269 637 381 144 342 714 607 196 502 997 613 858 406 566 414 106 76 924 221 360 745 568 939 636 220 445 957 624 907 377 760 271 781 947 415 883 962 420 148 
451 474 434 513 549 215 423 658 550 462 555 692 184 319 470 481 524 622 379 630 402 514 77 663 290 657 246 432 660 120 283 445 169 178 343 431 416 300 184 407 481 593 716 253 478 471 421 440 264 638 327 209 464 347 702 177 265 217 547 632 335 250 432 340 161 539 547 296 406 606 676 489 522 273 242 335 292 315 506 536 360 491 622 232 580 395 383 716 590 438 229 313 754 53 690 505 364 330 294 461 33 529 566 478 0 18 627 410 549 460 263 248 629 211 371 308 258 213 578 213 521 422 393 464 113 374 371 490 716 256 364 275 425 468 406 467 163 616 560 432 138 565 509 678 686 243 625 574 191 339 
458 458 419 498 560 202 406 640 532 473 537 676 200 304 453 467 517 604 381 617 409 498 95 651 307 640 234 431 650 107 273 434 181 168 332 415 401 313 168 395 488 579 703 235 483 473 404 439 282 625 324 201 473 331 688 173 247 216 539 617 341 244 415 324 145 523 532 283 404 588 664 493 509 291 227 327 286 302 488 518 343 476 613 225 568 385 397 699 573 420 230 330 739 44 675 499 349 334 284 455 43 524 554 472 18 0 611 424 533 444 280 236 610 221 361 316 272 231 566 230 529 405 393 473 107 356 366 487 700 250 373 287 407 479 389 470 177 605 542 441 144 549 495 660 672 255 610 565 204 331 
735 159 570 603 1149 591 240 385 385 1070 466 624 730 562 161 183 856 432 586 142 700 114 704 806 844 99 403 888 857 594 397 282 789 467 340 200 561 923 540 277 1041 83 798 460 708 968 403 528 875 738 477 461 1047 528 743 689 419 542 840 37 644 715 204 495 466 587 579 613 506 284 790 672 697 876 385 404 719 605 186 332 485 138 866 683 181 717 1008 145 79 389 559 863 133 621 66 405 573 873 388 841 653 893 190 408 627 611 0 1034 527 488 888 395 305 667 342 680 882 829 236 769 1097 444 889 791 649 286 430 484 665 463 719 887 385 1068 488 622 699 807 341 1023 613 530 147 475 726 714 672 861 692 390 
683 878 687 749 192 495 816 995 883 108 858 940 394 590 874 891 576 941 694 1040 651 920 337 801 360 1055 653 410 761 451 685 848 245 585 748 835 675 111 520 814 252 1003 875 608 731 362 758 779 238 814 695 609 190 634 890 379 638 577 622 1041 618 403 834 648 569 785 799 535 755 969 829 765 701 258 652 725 437 557 897 887 669 900 702 423 988 543 27 1112 991 777 577 366 1163 413 1098 883 621 275 696 505 381 549 974 855 410 424 1034 0 826 755 176 657 987 485 771 565 152 251 982 372 230 741 347 658 396 765 750 846 949 643 595 157 768 143 705 767 413 739 908 159 477 841 919 986 879 470 836 641 444 732 
932 420 139 101 855 351 341 216 145 807 65 147 732 243 428 551 394 143 803 643 882 456 608 280 839 465 529 501 338 434 572 620 624 533 573 415 151 730 365 574 708 571 273 308 936 590 169 807 791 211 692 568 744 205 222 458 321 657 360 560 808 422 398 209 461 68 56 292 770 266 263 924 200 808 464 635 391 269 347 195 190 488 360 404 644 308 808 489 448 168 679 863 637 503 582 765 206 570 575 414 548 439 641 749 549 533 527 826 0 90 760 518 262 731 607 807 702 740 685 763 776 142 535 965 473 335 688 810 179 619 865 672 181 787 144 883 707 292 192 736 648 16 544 168 204 775 146 373 727 625 
842 362 92 117 800 269 277 248 145 745 102 238 642 165 369 486 382 186 715 592 792 403 522 325 750 441 442 461 371 348 487 546 544 444 492 350 92 655 276 499 659 522 336 217 847 550 94 722 707 264 605 479 689 123 295 380 231 567 358 519 718 354 334 120 370 112 111 221 685 262 316 837 209 722 377 551 329 199 302 177 100 429 378 332 585 268 736 475 411 101 589 774 608 416 548 688 137 510 490 386 461 424 581 670 460 444 488 755 90 0 679 431 268 640 527 717 625 655 622 674 725 57 487 875 389 261 604 729 268 531 775 600 109 728 54 796 617 320 185 677 557 106 483 230 276 684 212 376 637 542 
513 737 627 699 359 410 686 901 790 267 780 890 217 516 733 734 596 856 518 881 478 777 185 796 198 920 494 446 770 339 521 683 135 426 584 694 611 104 413 652 366 850 863 497 559 433 661 603 73 793 521 445 318 556 866 304 518 404 635 892 442 356 695 561 424 732 743 471 579 860 818 591 673 98 503 556 401 494 768 785 582 752 717 364 827 518 150 980 853 679 402 210 1014 283 951 709 555 299 531 522 242 580 812 681 263 280 888 176 760 679 0 500 881 309 605 389 87 75 816 196 371 652 384 493 290 636 577 669 905 473 422 145 667 292 625 591 237 738 807 281 305 776 765 907 852 294 800 658 267 564 
423 260 456 529 796 321 246 540 453 710 494 664 335 370 252 234 660 531 286 382 375 290 320 725 450 445 12 621 746 267 59 200 417 73 100 219 438 548 257 159 716 351 756 236 421 680 351 293 480 678 174 70 707 368 722 370 205 164 667 395 304 425 227 341 112 539 541 388 254 458 726 406 582 480 54 127 452 395 321 417 350 257 726 396 332 511 630 506 375 358 185 471 516 261 454 294 408 554 65 615 280 681 318 269 248 236 395 657 518 431 500 0 486 280 134 320 506 436 331 374 762 376 598 465 311 213 180 311 698 103 372 523 343 715 389 364 303 695 442 676 218 532 265 591 704 329 639 693 300 122 
903 268 360 358 1054 492 240 79 124 992 197 325 788 412 279 401 647 135 757 442 858 280 703 537 905 221 498 728 599 542 523 497 754 534 494 290 360 880 470 464 920 372 514 383 892 816 230 730 892 466 638 553 944 367 455 608 364 649 618 343 788 600 276 345 487 330 318 471 698 28 515 868 459 902 443 566 585 453 181 100 325 327 622 573 464 536 964 232 231 210 671 928 392 598 347 645 398 763 520 655 642 690 466 637 629 610 305 987 262 268 881 486 0 756 518 806 844 841 514 825 984 255 750 949 595 274 612 710 366 586 858 830 219 979 300 820 758 554 83 929 680 259 379 170 440 804 396 633 766 553 
243 540 630 710 663 421 522 801 702 570 725 878 91 518 532 490 734 779 209 623 196 568 210 871 182 724 270 631 871 327 270 414 307 221 329 499 611 397 378 397 637 610 921 423 276 656 582 294 257 843 225 210 603 539 903 385 416 125 758 660 140 459 507 525 276 731 738 503 271 729 883 297 728 246 314 278 503 521 600 677 542 530 833 443 563 606 459 785 654 595 112 199 778 264 720 408 563 510 278 669 234 737 547 381 211 221 667 485 731 640 309 280 756 0 337 99 360 234 541 121 660 594 584 252 324 482 284 362 905 205 153 404 580 589 588 287 75 826 701 566 83 747 525 838 886 49 823 785 41 290 
398 255 567 635 920 454 286 584 516 832 571 747 414 492 244 159 790 592 248 285 359 264 436 837 519 417 131 755 864 401 87 78 538 193 36 227 550 665 389 65 847 276 861 356 379 814 438 212 574 785 135 162 834 484 822 504 319 213 794 329 301 559 242 454 246 639 639 516 180 490 835 351 697 570 175 62 585 522 337 471 458 217 849 530 226 640 744 476 349 440 225 536 443 391 389 165 527 686 76 747 404 812 210 144 371 361 342 771 607 527 605 134 518 337 0 338 623 535 211 451 890 470 732 451 443 274 94 203 784 135 377 646 426 840 492 302 384 813 494 803 303 619 195 650 804 382 739 820 369 49 
144 571 714 794 748 513 567 858 765 656 795 955 177 605 562 498 831 843 140 616 96 592 309 962 224 748 308 731 965 420 292 409 403 278 341 533 696 484 465 403 731 615 1010 500 177 755 651 232 328 931 207 253 695 622 988 483 487 157 855 668 56 557 543 606 346 813 819 595 221 779 972 203 818 312 365 276 600 611 640 734 621 549 929 540 554 701 539 809 679 662 135 232 780 360 728 367 650 608 298 768 332 836 538 342 308 316 680 565 807 717 389 320 806 99 338 0 450 316 523 192 751 667 683 159 421 532 263 305 984 224 58 497 647 677 666 202 170 919 759 658 172 823 534 903 971 95 907 882 133 290 
581 726 566 634 305 358 665 857 746 213 728 826 273 460 722 739 512 808 569 888 543 768 187 718 280 904 503 359 689 303 536 699 93 434 598 683 552 42 374 664 286 851 787 462 625 345 618 649 158 719 556 460 245 502 793 245 489 437 553 889 499 286 682 512 416 668 681 410 621 825 742 653 601 184 500 580 327 433 747 746 533 748 635 299 838 443 126 962 839 637 439 294 1011 261 946 742 496 211 547 438 229 495 823 714 258 272 882 152 702 625 87 506 844 360 623 450 0 140 833 262 301 605 297 567 249 615 608 711 839 498 489 57 627 229 573 648 285 659 767 208 337 718 767 856 780 356 730 575 320 586 
443 681 612 688 432 389 635 867 757 339 754 876 142 498 676 669 617 827 443 814 406 719 138 803 143 866 430 479 784 308 453 614 138 363 516 638 596 170 382 585 427 787 867 461 488 477 628 528 52 793 447 378 383 534 864 296 477 332 653 831 367 359 640 535 370 718 729 459 504 818 823 518 673 68 444 485 405 482 718 747 556 691 734 360 759 523 225 926 798 645 329 161 952 244 890 635 540 335 463 545 199 607 744 607 213 231 829 251 740 655 75 436 841 234 535 316 140 0 746 124 438 624 420 427 267 587 504 595 895 402 352 194 633 362 600 517 162 748 770 346 234 756 701 880 849 221 793 677 192 493 
542 266 685 739 1127 626 345 592 561 1040 634 807 622 638 257 137 944 625 402 109 516 237 645 948 722 335 332 934 987 592 296 133 746 399 234 272 672 875 563 172 1046 153 956 508 506 1001 528 325 784 886 319 372 1038 618 908 695 465 420 940 204 475 742 288 584 437 733 729 675 314 489 939 464 819 779 354 263 761 675 347 508 582 198 983 711 54 795 954 379 289 522 429 738 280 592 248 184 664 882 286 912 610 972 48 196 578 566 236 982 685 622 816 331 514 541 211 523 833 746 0 658 1092 568 919 601 639 365 260 267 847 344 548 853 513 1046 603 416 593 935 525 1007 513 693 141 676 890 581 829 964 575 254 
319 632 647 726 556 425 601 861 756 463 766 906 38 531 625 598 700 830 324 736 282 665 169 865 80 818 365 577 855 332 376 529 233 305 438 590 629 294 398 507 547 717 923 462 364 587 630 412 137 846 345 307 507 561 912 357 467 238 731 765 246 429 595 554 338 752 761 503 392 800 881 394 728 125 396 394 476 524 682 738 573 631 811 421 677 589 346 879 748 645 229 103 885 262 825 529 576 441 385 631 220 697 662 502 213 230 769 372 763 674 196 374 825 121 451 192 262 124 658 0 562 634 522 307 309 556 404 482 929 316 228 313 631 486 619 394 70 814 762 469 155 779 632 887 896 98 836 757 82 405 
882 937 641 684 90 509 861 974 867 123 823 863 574 573 937 982 441 910 867 1131 844 983 468 676 570 1098 761 284 622 507 803 962 361 697 860 898 634 268 557 920 68 1083 754 640 926 201 756 944 444 707 842 730 57 617 782 408 679 725 490 1112 799 389 893 641 656 721 736 514 914 972 708 954 610 468 741 856 399 531 935 885 660 975 560 419 1089 468 244 1149 1041 776 731 580 1230 500 1164 1025 589 225 813 383 487 402 1076 997 521 529 1097 230 776 725 371 762 984 660 890 751 301 438 1092 562 0 729 240 864 455 813 891 1003 861 776 790 256 770 86 685 947 584 613 901 93 628 790 1005 944 775 657 746 501 620 860 
790 311 126 171 799 246 224 253 142 739 132 289 601 156 317 431 415 203 661 542 740 353 488 380 712 404 387 476 421 316 431 489 520 391 435 295 118 638 242 442 664 472 393 172 793 563 41 666 676 320 550 425 689 112 352 362 180 515 396 473 666 347 280 93 320 169 169 215 628 244 372 782 256 690 321 494 329 197 257 156 72 376 424 321 532 287 720 444 368 55 537 736 567 381 506 631 144 508 434 410 426 454 527 613 422 405 444 741 142 57 652 376 255 594 470 667 605 624 568 634 729 0 495 824 362 205 548 672 322 477 725 584 58 725 47 741 574 370 172 674 511 156 430 256 334 638 269 417 592 485 
826 731 401 443 322 299 649 735 630 291 583 625 517 341 732 796 229 670 771 942 780 778 373 457 563 879 601 64 414 330 649 795 289 545 698 696 395 296 358 749 173 886 533 430 860 82 525 832 452 478 717 585 213 384 554 228 472 610 275 908 720 178 688 411 486 481 496 283 797 739 487 877 373 477 565 711 171 298 717 651 428 777 354 209 906 227 341 927 827 544 622 581 1022 353 956 885 352 85 659 159 361 203 895 858 393 393 889 347 535 487 384 598 750 584 732 683 297 420 919 522 240 495 0 825 292 603 755 880 626 640 734 241 540 262 449 859 515 395 666 214 526 549 815 703 545 599 510 293 551 711 
60 700 874 954 849 672 709 1005 917 758 950 1113 307 765 691 608 986 995 205 705 92 715 455 1122 298 868 453 876 1123 579 426 509 538 432 464 666 855 595 625 516 854 717 1170 658 109 893 806 276 422 1091 318 402 810 782 1148 636 644 309 1011 773 161 710 678 765 504 972 978 754 288 921 1132 157 978 400 514 392 755 771 776 883 780 669 1086 695 642 858 635 927 801 816 287 292 875 516 830 423 810 746 430 920 486 988 627 406 464 473 791 658 965 875 493 465 949 252 451 159 567 427 601 307 864 824 825 0 576 678 361 344 1143 362 101 620 801 785 825 194 312 1078 907 773 331 980 644 1055 1131 227 1067 1037 277 406 
565 490 346 423 500 122 422 611 500 421 490 609 286 231 487 526 410 565 488 676 515 534 141 557 377 662 312 325 550 55 358 511 159 253 411 449 329 286 125 467 406 629 614 213 591 373 371 543 318 537 425 293 402 267 604 65 242 323 434 661 448 136 445 271 201 452 462 195 507 575 572 601 418 335 285 419 179 217 502 497 292 521 510 118 633 283 372 718 599 390 337 401 781 63 715 593 274 243 368 347 91 416 620 566 113 107 649 396 473 389 290 311 595 324 443 421 249 267 639 309 455 362 292 576 0 372 462 588 629 348 478 241 379 419 335 577 270 507 519 375 251 489 550 617 589 353 530 460 302 420 
635 128 320 376 867 305 50 326 244 792 297 473 518 284 130 228 587 322 494 353 588 175 451 584 636 290 225 604 622 316 256 285 522 260 243 98 306 654 256 239 755 289 598 173 629 682 168 482 637 525 376 279 764 256 555 406 133 375 578 305 517 428 86 222 219 374 372 330 446 248 577 610 454 643 168 310 433 324 132 205 218 183 618 397 334 441 740 347 229 167 397 658 419 355 353 429 302 588 256 564 394 619 327 414 374 356 286 765 335 261 636 213 274 482 274 532 615 587 365 556 813 205 603 678 372 0 361 478 510 316 586 613 154 787 238 565 487 570 229 741 408 346 232 381 536 530 473 601 494 298 
306 349 635 707 912 496 377 677 605 821 656 831 370 550 339 247 837 682 156 354 270 358 424 905 464 509 171 785 927 429 121 149 531 211 119 321 618 649 432 156 853 358 934 417 284 836 518 120 536 856 59 170 834 548 898 527 384 172 846 413 218 589 335 520 282 715 716 566 86 584 905 256 762 528 233 53 621 575 432 562 528 310 906 562 291 689 722 567 442 522 176 479 520 403 471 134 589 700 115 788 405 855 275 106 371 366 430 750 688 604 577 180 612 284 94 263 608 504 260 404 891 548 755 361 462 361 0 131 866 115 293 638 508 833 565 207 344 876 585 800 272 701 283 741 880 322 815 872 321 63 
284 442 764 835 1017 627 486 780 718 924 775 951 453 682 431 316 968 793 166 375 267 438 535 1034 528 575 303 912 1058 558 252 214 641 340 237 422 747 751 563 247 969 403 1062 547 242 960 641 73 619 985 163 298 946 678 1024 653 513 277 977 459 250 717 438 650 413 841 841 698 90 682 1034 198 893 607 363 184 750 706 528 672 657 389 1038 691 314 820 819 628 516 643 272 537 547 527 510 83 720 821 246 918 524 986 301 76 490 487 484 846 810 729 669 311 710 362 203 305 711 595 267 482 1003 672 880 344 588 478 131 0 987 240 312 747 630 940 692 151 432 1007 694 911 375 822 347 850 1006 388 941 1004 403 190 
1111 581 283 206 947 507 510 293 285 913 214 41 900 398 590 716 431 232 983 793 1060 611 769 225 1003 587 709 577 297 597 752 792 770 712 751 582 300 862 532 748 793 721 169 484 1116 662 348 986 945 165 871 747 839 369 109 602 500 835 385 701 986 553 565 380 638 177 168 436 949 382 192 1104 252 963 643 814 513 413 501 339 363 649 346 542 802 406 934 596 586 344 857 1027 758 667 712 939 355 678 754 478 711 477 801 924 716 700 665 949 179 268 905 698 366 905 784 984 839 895 847 929 861 322 626 1143 629 510 866 987 0 799 1043 802 358 888 318 1062 877 273 325 838 822 166 705 202 103 948 115 386 899 803 
319 347 549 625 800 390 346 642 557 709 597 766 279 455 338 285 731 635 184 420 272 369 312 815 385 526 91 671 831 317 68 213 418 102 124 309 531 539 328 192 738 405 850 327 317 721 454 204 440 772 81 59 720 459 820 413 301 79 743 455 202 477 319 435 179 637 640 464 166 559 819 305 671 435 156 82 510 475 416 521 445 328 807 451 361 585 615 587 456 461 95 403 572 288 515 249 496 584 74 679 290 747 345 221 256 250 463 643 619 531 473 103 586 205 135 224 498 402 344 316 776 477 640 362 348 316 115 240 799 0 272 526 447 720 486 265 249 782 545 686 169 633 320 695 801 251 736 769 235 90 
92 617 773 853 782 571 618 912 821 690 852 1013 220 664 608 536 888 899 149 647 56 636 361 1021 240 792 360 783 1023 478 339 442 450 334 384 581 754 522 524 442 774 650 1068 558 136 804 708 238 356 989 242 307 734 681 1047 539 545 212 912 705 75 612 592 664 404 872 877 653 236 831 1031 172 877 337 419 315 656 670 689 789 679 592 986 597 583 759 570 852 723 719 190 243 813 417 764 382 709 657 344 823 388 891 568 360 364 373 719 595 865 775 422 372 858 153 377 58 489 352 548 228 790 725 734 101 478 586 293 312 1043 272 0 539 704 714 724 185 219 977 813 697 230 880 572 959 1030 136 966 938 182 329 
632 729 534 600 274 338 664 838 726 186 702 792 320 434 726 753 460 784 610 903 591 773 214 671 336 903 521 304 639 297 558 720 107 454 619 687 521 60 364 682 234 862 742 452 673 287 601 687 216 676 588 484 199 477 751 222 483 471 502 897 544 251 685 491 426 635 648 380 658 812 696 700 559 241 511 607 288 403 744 730 512 756 584 268 855 401 136 960 841 620 475 351 1018 267 952 773 466 156 569 386 243 440 841 745 275 287 887 157 672 600 145 523 830 404 646 497 57 194 853 313 256 584 241 620 241 613 638 747 802 526 539 0 611 194 549 692 329 611 750 163 372 688 780 831 739 404 691 523 365 612 
764 253 184 227 837 273 167 233 125 773 150 322 596 198 260 376 472 199 630 484 715 295 495 435 710 349 355 525 479 328 395 440 538 369 393 240 176 661 254 393 706 414 444 172 764 611 17 628 685 373 516 399 728 156 400 388 165 492 455 414 642 383 224 129 304 221 217 257 591 203 426 750 314 697 290 456 371 241 198 119 111 319 483 355 476 340 746 391 310 14 514 734 510 388 448 584 195 546 397 464 433 511 471 568 425 407 385 768 181 109 667 343 219 580 426 647 627 633 513 631 770 58 540 801 379 154 508 630 358 447 704 611 0 761 103 707 568 428 140 711 499 192 374 257 382 627 319 475 583 445 
805 908 649 700 81 491 837 975 866 38 828 886 501 568 906 942 483 914 798 1092 768 953 408 717 488 1076 714 318 668 474 752 914 302 647 812 868 640 192 531 874 120 1048 794 618 850 249 748 878 362 741 782 677 56 613 816 381 654 664 532 1080 727 378 864 633 614 737 752 509 850 964 748 880 635 386 699 801 398 529 914 878 653 940 607 405 1046 485 157 1130 1016 768 667 497 1200 455 1134 967 590 218 763 419 436 449 1032 939 468 479 1068 143 787 728 292 715 979 589 840 677 229 362 1046 486 86 725 262 785 419 787 833 940 888 720 714 194 761 0 683 876 514 654 896 50 565 801 967 953 808 582 773 546 549 806 
793 351 83 142 757 215 263 291 182 699 155 290 588 116 357 466 369 235 670 582 743 394 467 347 696 452 399 429 384 293 446 517 490 396 456 332 72 604 221 469 619 514 369 166 800 516 86 681 652 292 562 432 646 71 333 328 185 518 351 517 669 306 318 65 320 150 154 174 643 290 343 792 216 667 334 511 286 154 302 202 46 415 383 283 570 240 685 492 414 102 540 719 614 361 552 655 97 466 450 363 406 407 564 636 406 389 488 705 144 54 625 389 300 588 492 666 573 600 603 619 685 47 449 825 335 238 565 692 318 486 724 549 103 683 0 752 563 332 216 633 505 160 467 283 315 631 250 372 583 503 
135 557 815 891 949 644 584 884 809 856 856 1028 375 719 546 445 981 886 89 523 131 562 491 1080 422 708 353 900 1093 561 311 342 593 363 326 529 797 684 586 361 924 544 1116 593 91 935 715 94 530 1037 191 322 891 725 1085 643 567 256 997 600 149 714 543 700 442 903 906 722 121 792 1084 49 935 513 419 255 753 735 640 768 711 513 1065 692 461 840 741 764 645 721 240 427 695 514 655 233 761 790 310 923 498 992 447 220 467 470 622 767 883 796 591 364 820 287 302 202 648 517 416 394 947 741 859 194 577 565 207 151 1062 265 185 692 707 876 752 0 363 1044 791 854 332 896 479 946 1067 296 1002 1024 327 267 
311 562 596 676 588 378 532 796 693 495 707 852 31 482 555 529 675 768 284 669 266 594 143 826 148 748 295 564 820 284 307 463 233 235 370 520 578 322 344 439 562 648 880 402 348 585 568 366 192 802 287 237 528 508 865 327 403 173 703 696 215 400 525 498 271 700 708 459 341 733 840 371 685 185 326 329 446 479 613 672 517 561 780 388 611 554 386 809 678 583 168 170 816 216 756 473 527 439 317 608 178 676 595 445 163 177 699 413 707 617 237 303 758 75 384 170 285 162 593 70 584 574 515 312 270 487 344 432 877 249 219 329 568 514 563 363 0 778 697 491 85 723 563 826 849 85 788 729 36 339 
1059 681 250 204 703 406 594 501 436 684 357 291 794 326 687 798 172 428 957 912 1008 723 645 63 877 753 704 336 51 499 755 846 611 681 776 664 265 671 459 797 547 842 140 459 1077 412 411 985 792 108 862 723 601 328 174 457 494 792 123 839 937 389 650 359 603 224 236 325 947 558 95 1078 116 814 643 823 342 309 622 483 357 746 74 393 902 225 730 780 729 421 811 900 924 563 866 979 287 465 760 236 599 213 896 957 616 605 807 739 292 320 738 695 554 826 813 919 659 748 935 814 613 370 395 1078 507 570 876 1007 273 782 977 611 428 654 332 1044 778 0 483 607 747 294 799 430 173 859 173 116 808 816 
865 262 277 282 971 412 208 99 47 910 127 284 726 329 272 400 566 100 723 468 818 288 632 472 842 273 454 644 530 468 485 486 678 482 466 272 277 801 394 447 836 395 458 309 858 733 149 706 822 402 604 506 861 284 402 528 296 602 539 377 746 518 256 263 427 258 247 388 671 77 453 838 383 833 394 536 502 370 177 24 243 328 549 491 478 452 886 297 262 130 624 865 446 526 393 635 314 680 484 572 571 609 478 624 560 542 341 908 192 185 807 442 83 701 494 759 767 770 525 762 901 172 666 907 519 229 585 694 325 545 813 750 140 896 216 791 697 483 0 846 623 192 384 157 385 749 334 555 708 524 
789 863 598 649 126 443 790 924 815 77 778 835 481 518 861 900 437 864 774 1050 751 908 376 670 480 1029 675 271 623 429 715 876 269 610 774 823 589 177 485 835 93 1005 746 570 833 208 699 851 354 692 751 642 37 562 768 334 607 634 486 1036 706 328 818 583 573 687 701 459 821 914 700 861 586 378 658 767 347 478 866 829 603 897 562 356 1005 434 166 1082 970 718 639 491 1155 415 1089 935 539 167 726 371 399 405 992 907 432 441 1023 159 736 677 281 676 929 566 803 658 208 346 1007 469 93 674 214 773 375 741 800 911 838 686 697 163 711 50 633 854 491 607 846 0 536 751 925 902 759 564 723 501 527 771 
314 477 547 627 643 341 450 722 622 551 642 795 116 436 470 444 661 699 245 585 264 509 161 791 232 663 209 569 793 248 223 381 267 151 286 435 528 378 295 355 598 563 840 340 339 602 500 315 271 761 218 152 571 456 820 315 334 100 683 610 197 388 441 442 196 648 655 423 285 654 802 352 647 267 243 250 430 440 530 598 459 475 757 370 528 529 450 724 593 514 102 253 731 188 670 405 481 458 233 599 166 668 513 377 138 144 613 477 648 557 305 218 680 83 303 172 337 234 513 155 628 511 526 331 251 408 272 375 822 169 230 372 499 565 505 332 85 747 623 536 0 664 477 757 803 127 740 710 86 259 
946 427 154 110 869 367 350 209 146 822 65 133 748 259 436 560 403 136 817 649 896 462 625 279 855 466 543 513 339 451 586 630 640 548 585 424 166 746 381 585 722 577 267 324 950 602 182 820 808 209 705 582 758 221 215 474 336 671 368 565 822 438 407 225 476 75 61 308 783 265 260 938 208 824 477 648 406 285 353 198 206 495 364 420 651 321 823 488 451 179 693 879 638 520 585 776 222 584 588 425 564 448 649 760 565 549 530 841 16 106 776 532 259 747 619 823 718 756 693 779 790 156 549 980 489 346 701 822 166 633 880 688 192 801 160 896 723 294 192 751 664 0 552 155 197 790 142 380 743 638 
589 124 550 601 1049 516 206 456 420 966 492 665 593 513 115 36 818 485 439 127 553 99 584 809 705 229 271 823 851 498 256 137 677 339 196 135 538 809 456 131 953 85 815 390 563 896 390 385 745 747 330 326 952 488 767 599 346 400 810 135 497 637 149 454 353 593 588 555 361 353 799 529 684 744 268 258 650 552 207 367 450 56 850 605 102 671 893 285 169 383 415 723 253 512 195 272 534 787 247 791 538 849 97 271 509 495 147 919 544 483 765 265 379 525 195 534 767 701 141 632 1005 430 815 644 550 232 283 347 705 320 572 780 374 967 467 479 563 799 384 925 477 552 0 537 749 572 688 834 553 244 
1015 417 304 266 1022 498 364 92 138 973 128 163 853 396 428 555 555 59 875 610 966 439 744 400 966 390 603 669 468 572 638 642 773 624 622 429 313 886 498 604 877 539 363 425 1010 758 257 861 932 329 757 652 911 354 302 611 423 746 518 512 894 583 413 346 562 229 214 451 827 190 373 992 359 946 541 691 556 429 331 178 325 482 503 562 627 476 967 394 399 243 769 990 560 637 517 792 366 735 637 581 682 601 629 781 678 660 475 986 168 230 907 591 170 838 650 903 856 880 676 887 944 256 703 1055 617 381 741 850 202 695 959 831 257 953 283 946 826 430 157 902 757 155 537 0 289 885 259 527 841 679 
1103 625 256 177 863 471 546 374 340 836 260 130 870 368 633 756 338 306 984 847 1053 660 731 122 967 657 715 493 194 565 761 822 719 708 769 619 275 799 508 775 708 775 74 476 1113 575 368 997 898 68 878 746 757 348 18 553 500 828 291 761 979 496 603 368 631 165 165 393 959 452 89 1106 180 917 650 826 453 372 551 394 356 693 244 490 849 338 867 672 647 370 850 990 830 635 778 965 322 605 765 392 676 382 846 947 686 672 726 879 204 276 852 704 440 886 804 971 780 849 890 896 775 334 545 1131 589 536 880 1006 103 801 1030 739 382 808 315 1067 849 173 385 759 803 197 749 289 0 925 65 288 875 817 
229 589 670 750 653 457 571 849 749 561 770 921 83 557 581 536 760 826 227 667 187 616 228 906 142 773 318 649 903 362 317 458 314 270 375 548 652 389 418 442 638 656 958 467 269 668 628 317 235 880 263 259 601 580 942 411 462 172 787 707 148 485 556 568 323 773 780 538 299 778 919 297 764 220 363 321 530 557 649 724 585 578 863 471 606 637 444 834 702 641 156 156 823 296 767 441 602 521 325 693 261 761 590 415 243 255 714 470 775 684 294 329 804 49 382 95 356 221 581 98 657 638 599 227 353 530 322 388 948 251 136 404 627 582 631 296 85 859 749 564 127 790 572 885 925 0 863 813 51 333 
1039 565 193 113 831 411 484 335 288 799 207 121 809 305 573 694 319 264 919 790 988 601 672 142 908 607 650 462 209 504 696 758 665 643 704 557 211 752 445 711 678 718 127 411 1048 547 304 932 842 70 813 681 723 284 83 498 435 763 275 706 914 444 541 303 566 100 101 335 894 404 119 1041 137 862 584 761 403 313 494 340 290 633 247 436 789 293 822 627 593 307 785 931 780 574 727 900 260 564 700 363 616 365 786 883 625 610 672 836 146 212 800 639 396 823 739 907 730 793 829 836 746 269 510 1067 530 473 815 941 115 736 966 691 319 773 250 1002 788 173 334 723 740 142 688 259 65 863 0 279 813 752 
1024 722 291 274 591 380 633 589 510 578 437 400 741 328 727 828 64 516 935 952 975 766 590 177 814 818 701 231 121 465 752 862 539 667 783 699 299 582 441 813 436 885 254 464 1048 300 458 974 718 221 851 710 491 346 291 402 504 768 26 889 905 329 686 380 591 304 318 305 936 633 211 1054 173 742 645 820 283 298 674 551 383 783 61 341 935 184 634 851 785 471 786 835 984 522 923 985 300 370 759 137 551 99 928 962 574 565 861 641 373 376 658 693 633 785 820 882 575 677 964 757 501 417 293 1037 460 601 872 1004 386 769 938 523 475 546 372 1024 729 116 555 501 710 380 834 527 288 813 279 0 762 816 
274 561 620 700 622 406 536 808 707 529 724 873 50 507 553 518 709 783 250 655 230 591 178 855 151 746 291 600 851 311 297 447 270 236 358 519 602 356 368 427 598 638 907 420 311 622 584 335 216 829 263 231 563 531 891 360 418 156 735 687 179 433 525 519 281 723 731 487 312 740 868 335 713 206 328 312 479 506 616 684 537 555 812 420 596 585 417 807 676 597 146 171 806 244 748 448 552 475 306 643 210 710 580 420 191 204 692 444 727 637 267 300 766 41 369 133 320 192 575 82 620 592 551 277 302 494 321 403 899 235 182 365 583 549 583 327 36 808 708 527 86 743 553 841 875 51 813 762 0 322 
355 295 574 645 886 443 317 617 543 797 593 768 368 492 285 208 783 620 205 333 314 308 399 844 471 463 115 738 867 382 64 124 504 166 59 264 557 628 378 113 819 325 872 357 339 793 455 183 530 795 88 129 803 488 836 483 323 166 790 378 254 542 277 459 230 652 653 510 147 525 844 314 702 525 173 14 571 518 375 501 466 263 848 514 273 634 705 523 395 459 177 488 492 364 438 174 529 661 56 736 372 803 257 148 339 331 390 732 625 542 564 122 553 290 49 290 586 493 254 405 860 485 711 406 420 298 63 190 803 90 329 612 445 806 503 267 339 816 524 771 259 638 244 679 817 333 752 816 322 0 
